
 7.990E-0001,-4.82185E-0007
 7.980E-0001,-4.66926E-0007
 7.970E-0001,-4.39459E-0007
 7.960E-0001,-4.24200E-0007
 7.950E-0001,-3.96734E-0007
 7.940E-0001,-3.75371E-0007
 7.930E-0001,-3.54009E-0007
 7.920E-0001,-3.29594E-0007
 7.910E-0001,-3.17387E-0007
 7.900E-0001,-2.96025E-0007
 7.890E-0001,-2.71610E-0007
 7.880E-0001,-2.56351E-0007
 7.870E-0001,-2.50247E-0007
 7.860E-0001,-2.41092E-0007
 7.850E-0001,-2.22781E-0007
 7.840E-0001,-2.13626E-0007
 7.830E-0001,-2.01419E-0007
 7.820E-0001,-1.92263E-0007
 7.810E-0001,-1.83108E-0007
 7.800E-0001,-1.67849E-0007
 7.790E-0001,-1.61745E-0007
 7.780E-0001,-1.52590E-0007
 7.770E-0001,-1.52590E-0007
 7.760E-0001,-1.37331E-0007
 7.750E-0001,-1.31227E-0007
 7.740E-0001,-1.25123E-0007
 7.730E-0001,-1.15968E-0007
 7.720E-0001,-1.06813E-0007
 7.710E-0001,-1.03761E-0007
 7.700E-0001,-9.15541E-0008
 7.690E-0001,-8.85023E-0008
 7.680E-0001,-8.23987E-0008
 7.670E-0001,-7.32433E-0008
 7.660E-0001,-7.32433E-0008
 7.650E-0001,-6.40878E-0008
 7.640E-0001,-6.10360E-0008
 7.630E-0001,-5.79842E-0008
 7.620E-0001,-5.18806E-0008
 7.610E-0001,-4.57770E-0008
 7.600E-0001,-3.35698E-0008
 7.590E-0001,-3.05180E-0008
 7.580E-0001,-3.05180E-0008
 7.570E-0001,-2.44144E-0008
 7.560E-0001,-2.74662E-0008
 7.550E-0001,-1.22072E-0008
 7.540E-0001,-9.15541E-0009
 7.530E-0001,-9.15541E-0009
 7.520E-0001, 0.00000E+0000
 7.510E-0001,-6.10360E-0009
 7.500E-0001,-3.05180E-0009
 7.490E-0001, 0.00000E+0000
 7.480E-0001, 3.05180E-0009
 7.470E-0001, 9.15541E-0009
 7.460E-0001, 1.22072E-0008
 7.450E-0001, 6.10360E-0009
 7.440E-0001, 1.52590E-0008
 7.430E-0001, 1.22072E-0008
 7.420E-0001, 1.83108E-0008
 7.410E-0001, 1.22072E-0008
 7.400E-0001, 1.83108E-0008
 7.390E-0001, 2.44144E-0008
 7.380E-0001, 1.83108E-0008
 7.370E-0001, 1.52590E-0008
 7.360E-0001, 2.13626E-0008
 7.350E-0001, 2.74662E-0008
 7.340E-0001, 1.83108E-0008
 7.330E-0001, 2.74662E-0008
 7.320E-0001, 2.74662E-0008
 7.310E-0001, 3.05180E-0008
 7.300E-0001, 2.44144E-0008
 7.290E-0001, 3.35698E-0008
 7.280E-0001, 3.05180E-0008
 7.270E-0001, 3.35698E-0008
 7.260E-0001, 3.35698E-0008
 7.250E-0001, 3.66216E-0008
 7.240E-0001, 3.66216E-0008
 7.230E-0001, 3.35698E-0008
 7.220E-0001, 3.35698E-0008
 7.210E-0001, 3.66216E-0008
 7.200E-0001, 3.66216E-0008
 7.190E-0001, 3.96734E-0008
 7.180E-0001, 3.96734E-0008
 7.170E-0001, 4.57770E-0008
 7.160E-0001, 3.96734E-0008
 7.150E-0001, 5.49324E-0008
 7.140E-0001, 4.57770E-0008
 7.130E-0001, 5.18806E-0008
 7.120E-0001, 5.79842E-0008
 7.110E-0001, 5.18806E-0008
 7.100E-0001, 5.18806E-0008
 7.090E-0001, 5.49324E-0008
 7.080E-0001, 5.79842E-0008
 7.070E-0001, 5.49324E-0008
 7.060E-0001, 5.79842E-0008
 7.050E-0001, 5.79842E-0008
 7.040E-0001, 5.79842E-0008
 7.030E-0001, 5.49324E-0008
 7.020E-0001, 5.18806E-0008
 7.010E-0001, 6.10360E-0008
 7.000E-0001, 5.79842E-0008
 6.990E-0001, 6.40878E-0008
 6.980E-0001, 6.40878E-0008
 6.970E-0001, 5.79842E-0008
 6.960E-0001, 6.10360E-0008
 6.950E-0001, 6.71396E-0008
 6.940E-0001, 6.40878E-0008
 6.930E-0001, 7.01915E-0008
 6.920E-0001, 7.32433E-0008
 6.910E-0001, 7.32433E-0008
 6.900E-0001, 7.32433E-0008
 6.890E-0001, 7.62951E-0008
 6.880E-0001, 7.32433E-0008
 6.870E-0001, 7.32433E-0008
 6.860E-0001, 7.32433E-0008
 6.850E-0001, 7.62951E-0008
 6.840E-0001, 7.32433E-0008
 6.830E-0001, 7.32433E-0008
 6.820E-0001, 7.62951E-0008
 6.810E-0001, 7.93469E-0008
 6.800E-0001, 7.93469E-0008
 6.790E-0001, 7.62951E-0008
 6.780E-0001, 7.62951E-0008
 6.770E-0001, 7.62951E-0008
 6.760E-0001, 8.23987E-0008
 6.750E-0001, 8.54505E-0008
 6.740E-0001, 7.93469E-0008
 6.730E-0001, 7.62951E-0008
 6.720E-0001, 8.23987E-0008
 6.710E-0001, 7.93469E-0008
 6.700E-0001, 8.85023E-0008
 6.690E-0001, 8.54505E-0008
 6.680E-0001, 7.93469E-0008
 6.670E-0001, 8.23987E-0008
 6.660E-0001, 8.54505E-0008
 6.650E-0001, 8.23987E-0008
 6.640E-0001, 8.85023E-0008
 6.630E-0001, 8.85023E-0008
 6.620E-0001, 9.15541E-0008
 6.610E-0001, 9.46059E-0008
 6.600E-0001, 9.76577E-0008
 6.590E-0001, 8.85023E-0008
 6.580E-0001, 9.15541E-0008
 6.570E-0001, 9.46059E-0008
 6.560E-0001, 8.85023E-0008
 6.550E-0001, 9.15541E-0008
 6.540E-0001, 9.76577E-0008
 6.530E-0001, 9.76577E-0008
 6.520E-0001, 1.00709E-0007
 6.510E-0001, 9.76577E-0008
 6.500E-0001, 9.46059E-0008
 6.490E-0001, 1.03761E-0007
 6.480E-0001, 1.00709E-0007
 6.470E-0001, 1.00709E-0007
 6.460E-0001, 1.03761E-0007
 6.450E-0001, 1.03761E-0007
 6.440E-0001, 9.76577E-0008
 6.430E-0001, 9.76577E-0008
 6.420E-0001, 1.00709E-0007
 6.410E-0001, 1.03761E-0007
 6.400E-0001, 1.00709E-0007
 6.390E-0001, 1.03761E-0007
 6.380E-0001, 1.03761E-0007
 6.370E-0001, 1.06813E-0007
 6.360E-0001, 1.06813E-0007
 6.350E-0001, 1.03761E-0007
 6.340E-0001, 1.06813E-0007
 6.330E-0001, 1.12916E-0007
 6.320E-0001, 1.09864E-0007
 6.310E-0001, 1.15968E-0007
 6.300E-0001, 1.12916E-0007
 6.290E-0001, 1.12916E-0007
 6.280E-0001, 1.12916E-0007
 6.270E-0001, 1.12916E-0007
 6.260E-0001, 1.06813E-0007
 6.250E-0001, 1.06813E-0007
 6.240E-0001, 1.09864E-0007
 6.230E-0001, 1.12916E-0007
 6.220E-0001, 1.09864E-0007
 6.210E-0001, 1.12916E-0007
 6.200E-0001, 1.15968E-0007
 6.190E-0001, 1.06813E-0007
 6.180E-0001, 1.12916E-0007
 6.170E-0001, 1.22072E-0007
 6.160E-0001, 1.15968E-0007
 6.150E-0001, 1.22072E-0007
 6.140E-0001, 1.15968E-0007
 6.130E-0001, 1.19020E-0007
 6.120E-0001, 1.19020E-0007
 6.110E-0001, 1.22072E-0007
 6.100E-0001, 1.22072E-0007
 6.090E-0001, 1.12916E-0007
 6.080E-0001, 1.25123E-0007
 6.070E-0001, 1.25123E-0007
 6.060E-0001, 1.28175E-0007
 6.050E-0001, 1.22072E-0007
 6.040E-0001, 1.22072E-0007
 6.030E-0001, 1.22072E-0007
 6.020E-0001, 1.19020E-0007
 6.010E-0001, 1.22072E-0007
 6.000E-0001, 1.22072E-0007
 5.990E-0001, 1.22072E-0007
 5.980E-0001, 1.22072E-0007
 5.970E-0001, 1.25123E-0007
 5.960E-0001, 1.28175E-0007
 5.950E-0001, 1.22072E-0007
 5.940E-0001, 1.28175E-0007
 5.930E-0001, 1.28175E-0007
 5.920E-0001, 1.22072E-0007
 5.910E-0001, 1.22072E-0007
 5.900E-0001, 1.28175E-0007
 5.890E-0001, 1.31227E-0007
 5.880E-0001, 1.28175E-0007
 5.870E-0001, 1.31227E-0007
 5.860E-0001, 1.28175E-0007
 5.850E-0001, 1.28175E-0007
 5.840E-0001, 1.31227E-0007
 5.830E-0001, 1.31227E-0007
 5.820E-0001, 1.37331E-0007
 5.810E-0001, 1.31227E-0007
 5.800E-0001, 1.37331E-0007
 5.790E-0001, 1.34279E-0007
 5.780E-0001, 1.31227E-0007
 5.770E-0001, 1.40383E-0007
 5.760E-0001, 1.37331E-0007
 5.750E-0001, 1.34279E-0007
 5.740E-0001, 1.34279E-0007
 5.730E-0001, 1.40383E-0007
 5.720E-0001, 1.34279E-0007
 5.710E-0001, 1.37331E-0007
 5.700E-0001, 1.37331E-0007
 5.690E-0001, 1.37331E-0007
 5.680E-0001, 1.40383E-0007
 5.670E-0001, 1.37331E-0007
 5.660E-0001, 1.34279E-0007
 5.650E-0001, 1.43434E-0007
 5.640E-0001, 1.43434E-0007
 5.630E-0001, 1.37331E-0007
 5.620E-0001, 1.40383E-0007
 5.610E-0001, 1.37331E-0007
 5.600E-0001, 1.40383E-0007
 5.590E-0001, 1.43434E-0007
 5.580E-0001, 1.37331E-0007
 5.570E-0001, 1.43434E-0007
 5.560E-0001, 1.43434E-0007
 5.550E-0001, 1.43434E-0007
 5.540E-0001, 1.37331E-0007
 5.530E-0001, 1.46486E-0007
 5.520E-0001, 1.49538E-0007
 5.510E-0001, 1.40383E-0007
 5.500E-0001, 1.52590E-0007
 5.490E-0001, 1.49538E-0007
 5.480E-0001, 1.46486E-0007
 5.470E-0001, 1.40383E-0007
 5.460E-0001, 1.49538E-0007
 5.450E-0001, 1.46486E-0007
 5.440E-0001, 1.52590E-0007
 5.430E-0001, 1.43434E-0007
 5.420E-0001, 1.52590E-0007
 5.410E-0001, 1.52590E-0007
 5.400E-0001, 1.52590E-0007
 5.390E-0001, 1.49538E-0007
 5.380E-0001, 1.52590E-0007
 5.370E-0001, 1.52590E-0007
 5.360E-0001, 1.52590E-0007
 5.350E-0001, 1.49538E-0007
 5.340E-0001, 1.55642E-0007
 5.330E-0001, 1.52590E-0007
 5.320E-0001, 1.52590E-0007
 5.310E-0001, 1.55642E-0007
 5.300E-0001, 1.49538E-0007
 5.290E-0001, 1.55642E-0007
 5.280E-0001, 1.55642E-0007
 5.270E-0001, 1.52590E-0007
 5.260E-0001, 1.52590E-0007
 5.250E-0001, 1.55642E-0007
 5.240E-0001, 1.61745E-0007
 5.230E-0001, 1.58693E-0007
 5.220E-0001, 1.55642E-0007
 5.210E-0001, 1.58693E-0007
 5.200E-0001, 1.58693E-0007
 5.190E-0001, 1.55642E-0007
 5.180E-0001, 1.58693E-0007
 5.170E-0001, 1.55642E-0007
 5.160E-0001, 1.61745E-0007
 5.150E-0001, 1.55642E-0007
 5.140E-0001, 1.55642E-0007
 5.130E-0001, 1.61745E-0007
 5.120E-0001, 1.58693E-0007
 5.110E-0001, 1.61745E-0007
 5.100E-0001, 1.61745E-0007
 5.090E-0001, 1.58693E-0007
 5.080E-0001, 1.52590E-0007
 5.070E-0001, 1.58693E-0007
 5.060E-0001, 1.67849E-0007
 5.050E-0001, 1.58693E-0007
 5.040E-0001, 1.64797E-0007
 5.030E-0001, 1.58693E-0007
 5.020E-0001, 1.61745E-0007
 5.010E-0001, 1.67849E-0007
 5.000E-0001, 1.64797E-0007
 4.990E-0001, 1.64797E-0007
 4.980E-0001, 1.58693E-0007
 4.970E-0001, 1.64797E-0007
 4.960E-0001, 1.67849E-0007
 4.950E-0001, 1.67849E-0007
 4.940E-0001, 1.77004E-0007
 4.930E-0001, 1.67849E-0007
 4.920E-0001, 1.70901E-0007
 4.910E-0001, 1.73952E-0007
 4.900E-0001, 1.73952E-0007
 4.890E-0001, 1.73952E-0007
 4.880E-0001, 1.67849E-0007
 4.870E-0001, 1.70901E-0007
 4.860E-0001, 1.70901E-0007
 4.850E-0001, 1.73952E-0007
 4.840E-0001, 1.77004E-0007
 4.830E-0001, 1.80056E-0007
 4.820E-0001, 1.77004E-0007
 4.810E-0001, 1.83108E-0007
 4.800E-0001, 1.77004E-0007
 4.790E-0001, 1.83108E-0007
 4.780E-0001, 1.80056E-0007
 4.770E-0001, 1.80056E-0007
 4.760E-0001, 1.86160E-0007
 4.750E-0001, 1.80056E-0007
 4.740E-0001, 1.83108E-0007
 4.730E-0001, 1.89211E-0007
 4.720E-0001, 1.83108E-0007
 4.710E-0001, 1.89211E-0007
 4.700E-0001, 1.92263E-0007
 4.690E-0001, 1.95315E-0007
 4.680E-0001, 1.89211E-0007
 4.670E-0001, 1.92263E-0007
 4.660E-0001, 1.89211E-0007
 4.650E-0001, 2.01419E-0007
 4.640E-0001, 2.04470E-0007
 4.630E-0001, 2.01419E-0007
 4.620E-0001, 1.98367E-0007
 4.610E-0001, 2.04470E-0007
 4.600E-0001, 2.04470E-0007
 4.590E-0001, 2.07522E-0007
 4.580E-0001, 2.10574E-0007
 4.570E-0001, 2.13626E-0007
 4.560E-0001, 2.13626E-0007
 4.550E-0001, 2.13626E-0007
 4.540E-0001, 2.19729E-0007
 4.530E-0001, 2.22781E-0007
 4.520E-0001, 2.22781E-0007
 4.510E-0001, 2.25833E-0007
 4.500E-0001, 2.22781E-0007
 4.490E-0001, 2.25833E-0007
 4.480E-0001, 2.28885E-0007
 4.470E-0001, 2.41092E-0007
 4.460E-0001, 2.44144E-0007
 4.450E-0001, 2.44144E-0007
 4.440E-0001, 2.44144E-0007
 4.430E-0001, 2.50247E-0007
 4.420E-0001, 2.50247E-0007
 4.410E-0001, 2.59403E-0007
 4.400E-0001, 2.62455E-0007
 4.390E-0001, 2.65506E-0007
 4.380E-0001, 2.65506E-0007
 4.370E-0001, 2.71610E-0007
 4.360E-0001, 2.68558E-0007
 4.350E-0001, 2.80766E-0007
 4.340E-0001, 2.80766E-0007
 4.330E-0001, 2.86869E-0007
 4.320E-0001, 2.92973E-0007
 4.310E-0001, 2.96025E-0007
 4.300E-0001, 3.08232E-0007
 4.290E-0001, 3.08232E-0007
 4.280E-0001, 3.14335E-0007
 4.270E-0001, 3.20439E-0007
 4.260E-0001, 3.26543E-0007
 4.250E-0001, 3.29594E-0007
 4.240E-0001, 3.35698E-0007
 4.230E-0001, 3.44853E-0007
 4.220E-0001, 3.47905E-0007
 4.210E-0001, 3.50957E-0007
 4.200E-0001, 3.60112E-0007
 4.190E-0001, 3.69268E-0007
 4.180E-0001, 3.78423E-0007
 4.170E-0001, 3.84527E-0007
 4.160E-0001, 3.87579E-0007
 4.150E-0001, 4.02838E-0007
 4.140E-0001, 4.08941E-0007
 4.130E-0001, 4.18097E-0007
 4.120E-0001, 4.30304E-0007
 4.110E-0001, 4.33356E-0007
 4.100E-0001, 4.45563E-0007
 4.090E-0001, 4.54718E-0007
 4.080E-0001, 4.63874E-0007
 4.070E-0001, 4.76081E-0007
 4.060E-0001, 4.79133E-0007
 4.050E-0001, 4.94392E-0007
 4.040E-0001, 5.09651E-0007
 4.030E-0001, 5.21858E-0007
 4.020E-0001, 5.34065E-0007
 4.010E-0001, 5.40169E-0007
 4.000E-0001, 5.61532E-0007
 3.990E-0001, 5.76791E-0007
 3.980E-0001, 5.88998E-0007
 3.970E-0001, 6.04257E-0007
 3.960E-0001, 6.16464E-0007
 3.950E-0001, 6.37827E-0007
 3.940E-0001, 6.50034E-0007
 3.930E-0001, 6.68345E-0007
 3.920E-0001, 6.89707E-0007
 3.910E-0001, 7.08018E-0007
 3.900E-0001, 7.26329E-0007
 3.890E-0001, 7.44640E-0007
 3.880E-0001, 7.66002E-0007
 3.870E-0001, 7.78210E-0007
 3.860E-0001, 8.05676E-0007
 3.850E-0001, 8.20935E-0007
 3.840E-0001, 8.45349E-0007
 3.830E-0001, 8.69764E-0007
 3.820E-0001, 8.94178E-0007
 3.810E-0001, 9.21644E-0007
 3.800E-0001, 9.39955E-0007
 3.790E-0001, 9.73525E-0007
 3.780E-0001, 9.94888E-0007
 3.770E-0001, 1.02845E-0006
 3.760E-0001, 1.04371E-0006
 3.750E-0001, 1.08033E-0006
 3.740E-0001, 1.10780E-0006
 3.730E-0001, 1.14137E-0006
 3.720E-0001, 1.17189E-0006
 3.710E-0001, 1.19935E-0006
 3.700E-0001, 1.24208E-0006
 3.690E-0001, 1.27565E-0006
 3.680E-0001, 1.30922E-0006
 3.670E-0001, 1.34584E-0006
 3.660E-0001, 1.39162E-0006
 3.650E-0001, 1.42519E-0006
 3.640E-0001, 1.46486E-0006
 3.630E-0001, 1.50148E-0006
 3.620E-0001, 1.54116E-0006
 3.610E-0001, 1.58693E-0006
 3.600E-0001, 1.63576E-0006
 3.590E-0001, 1.67849E-0006
 3.580E-0001, 1.72426E-0006
 3.570E-0001, 1.77309E-0006
 3.560E-0001, 1.82803E-0006
 3.550E-0001, 1.87380E-0006
 3.540E-0001, 1.91958E-0006
 3.530E-0001, 1.98062E-0006
 3.520E-0001, 2.03555E-0006
 3.510E-0001, 2.09048E-0006
 3.500E-0001, 2.15152E-0006
 3.490E-0001, 2.21255E-0006
 3.480E-0001, 2.27359E-0006
 3.470E-0001, 2.33463E-0006
 3.460E-0001, 2.40482E-0006
 3.450E-0001, 2.47196E-0006
 3.440E-0001, 2.53604E-0006
 3.430E-0001, 2.60624E-0006
 3.420E-0001, 2.67643E-0006
 3.410E-0001, 2.75272E-0006
 3.400E-0001, 2.82291E-0006
 3.390E-0001, 2.90531E-0006
 3.380E-0001, 2.98466E-0006
 3.370E-0001, 3.06401E-0006
 3.360E-0001, 3.13725E-0006
 3.350E-0001, 3.23186E-0006
 3.340E-0001, 3.31120E-0006
 3.330E-0001, 3.39971E-0006
 3.320E-0001, 3.48210E-0006
 3.310E-0001, 3.57366E-0006
 3.300E-0001, 3.66216E-0006
 3.290E-0001, 3.75371E-0006
 3.280E-0001, 3.85442E-0006
 3.270E-0001, 3.94598E-0006
 3.260E-0001, 4.04058E-0006
 3.250E-0001, 4.14435E-0006
 3.240E-0001, 4.24505E-0006
 3.230E-0001, 4.34576E-0006
 3.220E-0001, 4.44342E-0006
 3.210E-0001, 4.55329E-0006
 3.200E-0001, 4.65400E-0006
 3.190E-0001, 4.75471E-0006
 3.180E-0001, 4.86762E-0006
 3.170E-0001, 4.97444E-0006
 3.160E-0001, 5.08735E-0006
 3.150E-0001, 5.20027E-0006
 3.140E-0001, 5.31319E-0006
 3.130E-0001, 5.42610E-0006
 3.120E-0001, 5.54207E-0006
 3.110E-0001, 5.66109E-0006
 3.100E-0001, 5.77706E-0006
 3.090E-0001, 5.89303E-0006
 3.080E-0001, 6.02121E-0006
 3.070E-0001, 6.14328E-0006
 3.060E-0001, 6.25619E-0006
 3.050E-0001, 6.38437E-0006
 3.040E-0001, 6.50644E-0006
 3.030E-0001, 6.62851E-0006
 3.020E-0001, 6.75059E-0006
 3.010E-0001, 6.87571E-0006
 3.000E-0001, 6.99778E-0006
 2.990E-0001, 7.12291E-0006
 2.980E-0001, 7.24498E-0006
 2.970E-0001, 7.37010E-0006
 2.960E-0001, 7.49217E-0006
 2.950E-0001, 7.61730E-0006
 2.940E-0001, 7.74242E-0006
 2.930E-0001, 7.86144E-0006
 2.920E-0001, 7.98352E-0006
 2.910E-0001, 8.10559E-0006
 2.900E-0001, 8.21850E-0006
 2.890E-0001, 8.35278E-0006
 2.880E-0001, 8.46570E-0006
 2.870E-0001, 8.57862E-0006
 2.860E-0001, 8.70374E-0006
 2.850E-0001, 8.81361E-0006
 2.840E-0001, 8.93263E-0006
 2.830E-0001, 9.04554E-0006
 2.820E-0001, 9.15236E-0006
 2.810E-0001, 9.27443E-0006
 2.800E-0001, 9.38124E-0006
 2.790E-0001, 9.49721E-0006
 2.780E-0001, 9.60097E-0006
 2.770E-0001, 9.70778E-0006
 2.760E-0001, 9.82681E-0006
 2.750E-0001, 9.93362E-0006
 2.740E-0001, 1.00434E-0005
 2.730E-0001, 1.01533E-0005
 2.720E-0001, 1.02632E-0005
 2.710E-0001, 1.03761E-0005
 2.700E-0001, 1.04890E-0005
 2.690E-0001, 1.05989E-0005
 2.680E-0001, 1.07087E-0005
 2.670E-0001, 1.08186E-0005
 2.660E-0001, 1.09224E-0005
 2.650E-0001, 1.10322E-0005
 2.640E-0001, 1.11390E-0005
 2.630E-0001, 1.12367E-0005
 2.620E-0001, 1.13313E-0005
 2.610E-0001, 1.14290E-0005
 2.600E-0001, 1.15205E-0005
 2.590E-0001, 1.16029E-0005
 2.580E-0001, 1.16853E-0005
 2.570E-0001, 1.17708E-0005
 2.560E-0001, 1.18471E-0005
 2.550E-0001, 1.19203E-0005
 2.540E-0001, 1.19966E-0005
 2.530E-0001, 1.20698E-0005
 2.520E-0001, 1.21431E-0005
 2.510E-0001, 1.22163E-0005
 2.500E-0001, 1.22835E-0005
 2.490E-0001, 1.23506E-0005
 2.480E-0001, 1.24238E-0005
 2.470E-0001, 1.24849E-0005
 2.460E-0001, 1.25520E-0005
 2.450E-0001, 1.26192E-0005
 2.440E-0001, 1.26863E-0005
 2.430E-0001, 1.27565E-0005
 2.420E-0001, 1.28236E-0005
 2.410E-0001, 1.28908E-0005
 2.400E-0001, 1.29518E-0005
 2.390E-0001, 1.30189E-0005
 2.380E-0001, 1.30891E-0005
 2.370E-0001, 1.31532E-0005
 2.360E-0001, 1.32204E-0005
 2.350E-0001, 1.32967E-0005
 2.340E-0001, 1.33516E-0005
 2.330E-0001, 1.34279E-0005
 2.320E-0001, 1.34859E-0005
 2.310E-0001, 1.35469E-0005
 2.300E-0001, 1.36171E-0005
 2.290E-0001, 1.36812E-0005
 2.280E-0001, 1.37483E-0005
 2.270E-0001, 1.38155E-0005
 2.260E-0001, 1.38857E-0005
 2.250E-0001, 1.39528E-0005
 2.240E-0001, 1.40230E-0005
 2.230E-0001, 1.40810E-0005
 2.220E-0001, 1.41451E-0005
 2.210E-0001, 1.42030E-0005
 2.200E-0001, 1.42641E-0005
 2.190E-0001, 1.43251E-0005
 2.180E-0001, 1.43770E-0005
 2.170E-0001, 1.44350E-0005
 2.160E-0001, 1.44869E-0005
 2.150E-0001, 1.45448E-0005
 2.140E-0001, 1.45937E-0005
 2.130E-0001, 1.46395E-0005
 2.120E-0001, 1.46791E-0005
 2.110E-0001, 1.47188E-0005
 2.100E-0001, 1.47615E-0005
 2.090E-0001, 1.47981E-0005
 2.080E-0001, 1.48287E-0005
 2.070E-0001, 1.48714E-0005
 2.060E-0001, 1.49050E-0005
 2.050E-0001, 1.49477E-0005
 2.040E-0001, 1.49904E-0005
 2.030E-0001, 1.50331E-0005
 2.020E-0001, 1.50789E-0005
 2.010E-0001, 1.51155E-0005
 2.000E-0001, 1.51613E-0005
 1.990E-0001, 1.52040E-0005
 1.980E-0001, 1.52407E-0005
 1.970E-0001, 1.52681E-0005
 1.960E-0001, 1.52956E-0005
 1.950E-0001, 1.53261E-0005
 1.940E-0001, 1.53475E-0005
 1.930E-0001, 1.53688E-0005
 1.920E-0001, 1.53933E-0005
 1.910E-0001, 1.54207E-0005
 1.900E-0001, 1.54573E-0005
 1.890E-0001, 1.54909E-0005
 1.880E-0001, 1.55306E-0005
 1.870E-0001, 1.55764E-0005
 1.860E-0001, 1.56252E-0005
 1.850E-0001, 1.56740E-0005
 1.840E-0001, 1.57289E-0005
 1.830E-0001, 1.57839E-0005
 1.820E-0001, 1.58419E-0005
 1.810E-0001, 1.59090E-0005
 1.800E-0001, 1.59761E-0005
 1.790E-0001, 1.60463E-0005
 1.780E-0001, 1.61074E-0005
 1.770E-0001, 1.61745E-0005
 1.760E-0001, 1.62417E-0005
 1.750E-0001, 1.63118E-0005
 1.740E-0001, 1.63698E-0005
 1.730E-0001, 1.64309E-0005
 1.720E-0001, 1.64888E-0005
 1.710E-0001, 1.65438E-0005
 1.700E-0001, 1.65865E-0005
 1.690E-0001, 1.66353E-0005
 1.680E-0001, 1.66659E-0005
 1.670E-0001, 1.66750E-0005
 1.660E-0001, 1.66903E-0005
 1.650E-0001, 1.66842E-0005
 1.640E-0001, 1.66689E-0005
 1.630E-0001, 1.66323E-0005
 1.620E-0001, 1.65926E-0005
 1.610E-0001, 1.65407E-0005
 1.600E-0001, 1.64705E-0005
 1.590E-0001, 1.63973E-0005
 1.580E-0001, 1.63118E-0005
 1.570E-0001, 1.62386E-0005
 1.560E-0001, 1.61501E-0005
 1.550E-0001, 1.60646E-0005
 1.540E-0001, 1.59792E-0005
 1.530E-0001, 1.58876E-0005
 1.520E-0001, 1.57991E-0005
 1.510E-0001, 1.57167E-0005
 1.500E-0001, 1.56313E-0005
 1.490E-0001, 1.55550E-0005
 1.480E-0001, 1.54726E-0005
 1.470E-0001, 1.54085E-0005
 1.460E-0001, 1.53414E-0005
 1.450E-0001, 1.52895E-0005
 1.440E-0001, 1.52437E-0005
 1.430E-0001, 1.52010E-0005
 1.420E-0001, 1.51613E-0005
 1.410E-0001, 1.51277E-0005
 1.400E-0001, 1.50942E-0005
 1.390E-0001, 1.50759E-0005
 1.380E-0001, 1.50484E-0005
 1.370E-0001, 1.50301E-0005
 1.360E-0001, 1.50087E-0005
 1.350E-0001, 1.49904E-0005
 1.340E-0001, 1.49904E-0005
 1.330E-0001, 1.49813E-0005
 1.320E-0001, 1.49813E-0005
 1.310E-0001, 1.49874E-0005
 1.300E-0001, 1.49935E-0005
 1.290E-0001, 1.49935E-0005
 1.280E-0001, 1.49996E-0005
 1.270E-0001, 1.50057E-0005
 1.260E-0001, 1.50087E-0005
 1.250E-0001, 1.50087E-0005
 1.240E-0001, 1.50118E-0005
 1.230E-0001, 1.50087E-0005
 1.220E-0001, 1.50118E-0005
 1.210E-0001, 1.50240E-0005
 1.200E-0001, 1.50392E-0005
 1.190E-0001, 1.50545E-0005
 1.180E-0001, 1.50728E-0005
 1.170E-0001, 1.51094E-0005
 1.160E-0001, 1.51400E-0005
 1.150E-0001, 1.51827E-0005
 1.140E-0001, 1.52254E-0005
 1.130E-0001, 1.52712E-0005
 1.120E-0001, 1.53322E-0005
 1.110E-0001, 1.53902E-0005
 1.100E-0001, 1.54512E-0005
 1.090E-0001, 1.55397E-0005
 1.080E-0001, 1.56160E-0005
 1.070E-0001, 1.57015E-0005
 1.060E-0001, 1.58022E-0005
 1.050E-0001, 1.58876E-0005
 1.040E-0001, 1.59884E-0005
 1.030E-0001, 1.60830E-0005
 1.020E-0001, 1.61684E-0005
 1.010E-0001, 1.62569E-0005
 1.000E-0001, 1.63363E-0005
 9.900E-0002, 1.64126E-0005
 9.800E-0002, 1.64888E-0005
 9.700E-0002, 1.65529E-0005
 9.600E-0002, 1.66079E-0005
 9.500E-0002, 1.66628E-0005
 9.400E-0002, 1.67055E-0005
 9.300E-0002, 1.67391E-0005
 9.200E-0002, 1.67696E-0005
 9.100E-0002, 1.67910E-0005
 9.000E-0002, 1.68093E-0005
 8.900E-0002, 1.68276E-0005
 8.800E-0002, 1.68337E-0005
 8.700E-0002, 1.68490E-0005
 8.600E-0002, 1.68642E-0005
 8.500E-0002, 1.68764E-0005
 8.400E-0002, 1.68795E-0005
 8.300E-0002, 1.69069E-0005
 8.200E-0002, 1.69192E-0005
 8.100E-0002, 1.69405E-0005
 8.000E-0002, 1.69619E-0005
 7.900E-0002, 1.69893E-0005
 7.800E-0002, 1.70107E-0005
 7.700E-0002, 1.70351E-0005
 7.600E-0002, 1.70626E-0005
 7.500E-0002, 1.70992E-0005
 7.400E-0002, 1.71175E-0005
 7.300E-0002, 1.71572E-0005
 7.200E-0002, 1.71847E-0005
 7.100E-0002, 1.72213E-0005
 7.000E-0002, 1.72487E-0005
 6.900E-0002, 1.72823E-0005
 6.800E-0002, 1.73067E-0005
 6.700E-0002, 1.73342E-0005
 6.600E-0002, 1.73525E-0005
 6.500E-0002, 1.73739E-0005
 6.400E-0002, 1.73861E-0005
 6.300E-0002, 1.73983E-0005
 6.200E-0002, 1.74105E-0005
 6.100E-0002, 1.74258E-0005
 6.000E-0002, 1.74319E-0005
 5.900E-0002, 1.74410E-0005
 5.800E-0002, 1.74532E-0005
 5.700E-0002, 1.74532E-0005
 5.600E-0002, 1.74654E-0005
 5.500E-0002, 1.74746E-0005
 5.400E-0002, 1.74868E-0005
 5.300E-0002, 1.74929E-0005
 5.200E-0002, 1.75082E-0005
 5.100E-0002, 1.75295E-0005
 5.000E-0002, 1.75417E-0005
 4.900E-0002, 1.75722E-0005
 4.800E-0002, 1.75967E-0005
 4.700E-0002, 1.76089E-0005
 4.600E-0002, 1.76180E-0005
 4.500E-0002, 1.76211E-0005
 4.400E-0002, 1.76211E-0005
 4.300E-0002, 1.76119E-0005
 4.200E-0002, 1.75875E-0005
 4.100E-0002, 1.75600E-0005
 4.000E-0002, 1.75143E-0005
 3.900E-0002, 1.74563E-0005
 3.800E-0002, 1.73891E-0005
 3.700E-0002, 1.73189E-0005
 3.600E-0002, 1.72365E-0005
 3.500E-0002, 1.71572E-0005
 3.400E-0002, 1.70687E-0005
 3.300E-0002, 1.69741E-0005
 3.200E-0002, 1.68795E-0005
 3.100E-0002, 1.67940E-0005
 3.000E-0002, 1.67055E-0005
 2.900E-0002, 1.66170E-0005
 2.800E-0002, 1.65285E-0005
 2.700E-0002, 1.64644E-0005
 2.600E-0002, 1.64003E-0005
 2.500E-0002, 1.63607E-0005
 2.400E-0002, 1.63332E-0005
 2.300E-0002, 1.63179E-0005
 2.200E-0002, 1.63210E-0005
 2.100E-0002, 1.63363E-0005
 2.000E-0002, 1.63607E-0005
 1.900E-0002, 1.63942E-0005
 1.800E-0002, 1.64339E-0005
 1.700E-0002, 1.64766E-0005
 1.600E-0002, 1.65194E-0005
 1.500E-0002, 1.65621E-0005
 1.400E-0002, 1.66140E-0005
 1.300E-0002, 1.66567E-0005
 1.200E-0002, 1.67208E-0005
 1.100E-0002, 1.67635E-0005
 1.000E-0002, 1.68154E-0005
 9.000E-0003, 1.68612E-0005
 8.000E-0003, 1.69069E-0005
 7.000E-0003, 1.69527E-0005
 6.000E-0003, 1.69893E-0005
 5.000E-0003, 1.70199E-0005
 4.000E-0003, 1.70443E-0005
 3.000E-0003, 1.70626E-0005
 2.000E-0003, 1.70809E-0005
 1.000E-0003, 1.70962E-0005
 0.000E+0000, 1.71084E-0005
-1.000E-0003, 1.71114E-0005
-2.000E-0003, 1.71053E-0005
-3.000E-0003, 1.70962E-0005
-4.000E-0003, 1.70809E-0005
-5.000E-0003, 1.70595E-0005
-6.000E-0003, 1.70290E-0005
-7.000E-0003, 1.69863E-0005
-8.000E-0003, 1.69405E-0005
-9.000E-0003, 1.69008E-0005
-1.000E-0002, 1.68581E-0005
-1.100E-0002, 1.68184E-0005
-1.200E-0002, 1.67757E-0005
-1.300E-0002, 1.67299E-0005
-1.400E-0002, 1.66842E-0005
-1.500E-0002, 1.66414E-0005
-1.600E-0002, 1.65926E-0005
-1.700E-0002, 1.65438E-0005
-1.800E-0002, 1.64950E-0005
-1.900E-0002, 1.64370E-0005
-2.000E-0002, 1.63820E-0005
-2.100E-0002, 1.63302E-0005
-2.200E-0002, 1.62844E-0005
-2.300E-0002, 1.62447E-0005
-2.400E-0002, 1.61959E-0005
-2.500E-0002, 1.61593E-0005
-2.600E-0002, 1.61257E-0005
-2.700E-0002, 1.60860E-0005
-2.800E-0002, 1.60677E-0005
-2.900E-0002, 1.60372E-0005
-3.000E-0002, 1.60250E-0005
-3.100E-0002, 1.60128E-0005
-3.200E-0002, 1.59914E-0005
-3.300E-0002, 1.59853E-0005
-3.400E-0002, 1.59914E-0005
-3.500E-0002, 1.59853E-0005
-3.600E-0002, 1.59945E-0005
-3.700E-0002, 1.60067E-0005
-3.800E-0002, 1.60219E-0005
-3.900E-0002, 1.60463E-0005
-4.000E-0002, 1.60677E-0005
-4.100E-0002, 1.60952E-0005
-4.200E-0002, 1.61226E-0005
-4.300E-0002, 1.61562E-0005
-4.400E-0002, 1.61806E-0005
-4.500E-0002, 1.62050E-0005
-4.600E-0002, 1.62386E-0005
-4.700E-0002, 1.62722E-0005
-4.800E-0002, 1.63118E-0005
-4.900E-0002, 1.63454E-0005
-5.000E-0002, 1.63851E-0005
-5.100E-0002, 1.64217E-0005
-5.200E-0002, 1.64614E-0005
-5.300E-0002, 1.65041E-0005
-5.400E-0002, 1.65407E-0005
-5.500E-0002, 1.65804E-0005
-5.600E-0002, 1.66079E-0005
-5.700E-0002, 1.66353E-0005
-5.800E-0002, 1.66720E-0005
-5.900E-0002, 1.66994E-0005
-6.000E-0002, 1.67299E-0005
-6.100E-0002, 1.67513E-0005
-6.200E-0002, 1.67788E-0005
-6.300E-0002, 1.68032E-0005
-6.400E-0002, 1.68276E-0005
-6.500E-0002, 1.68612E-0005
-6.600E-0002, 1.68825E-0005
-6.700E-0002, 1.69039E-0005
-6.800E-0002, 1.69253E-0005
-6.900E-0002, 1.69436E-0005
-7.000E-0002, 1.69649E-0005
-7.100E-0002, 1.69863E-0005
-7.200E-0002, 1.70107E-0005
-7.300E-0002, 1.70260E-0005
-7.400E-0002, 1.70504E-0005
-7.500E-0002, 1.70656E-0005
-7.600E-0002, 1.70901E-0005
-7.700E-0002, 1.71145E-0005
-7.800E-0002, 1.71419E-0005
-7.900E-0002, 1.71633E-0005
-8.000E-0002, 1.71877E-0005
-8.100E-0002, 1.72091E-0005
-8.200E-0002, 1.72365E-0005
-8.300E-0002, 1.72549E-0005
-8.400E-0002, 1.72945E-0005
-8.500E-0002, 1.73189E-0005
-8.600E-0002, 1.73464E-0005
-8.700E-0002, 1.73769E-0005
-8.800E-0002, 1.74074E-0005
-8.900E-0002, 1.74288E-0005
-9.000E-0002, 1.74715E-0005
-9.100E-0002, 1.74898E-0005
-9.200E-0002, 1.75143E-0005
-9.300E-0002, 1.75295E-0005
-9.400E-0002, 1.75478E-0005
-9.500E-0002, 1.75753E-0005
-9.600E-0002, 1.75967E-0005
-9.700E-0002, 1.76089E-0005
-9.800E-0002, 1.76302E-0005
-9.900E-0002, 1.76485E-0005
-1.000E-0001, 1.76607E-0005
-1.010E-0001, 1.76821E-0005
-1.020E-0001, 1.77004E-0005
-1.030E-0001, 1.77126E-0005
-1.040E-0001, 1.77187E-0005
-1.050E-0001, 1.77279E-0005
-1.060E-0001, 1.77462E-0005
-1.070E-0001, 1.77645E-0005
-1.080E-0001, 1.77859E-0005
-1.090E-0001, 1.78011E-0005
-1.100E-0001, 1.78225E-0005
-1.110E-0001, 1.78408E-0005
-1.120E-0001, 1.78683E-0005
-1.130E-0001, 1.78957E-0005
-1.140E-0001, 1.79201E-0005
-1.150E-0001, 1.79415E-0005
-1.160E-0001, 1.79598E-0005
-1.170E-0001, 1.79812E-0005
-1.180E-0001, 1.80056E-0005
-1.190E-0001, 1.80331E-0005
-1.200E-0001, 1.80575E-0005
-1.190E-0001, 1.80819E-0005
-1.180E-0001, 1.81002E-0005
-1.170E-0001, 1.81063E-0005
-1.160E-0001, 1.81033E-0005
-1.150E-0001, 1.81094E-0005
-1.140E-0001, 1.81063E-0005
-1.130E-0001, 1.80941E-0005
-1.120E-0001, 1.80788E-0005
-1.110E-0001, 1.80666E-0005
-1.100E-0001, 1.80636E-0005
-1.090E-0001, 1.80575E-0005
-1.080E-0001, 1.80575E-0005
-1.070E-0001, 1.80666E-0005
-1.060E-0001, 1.80758E-0005
-1.050E-0001, 1.80788E-0005
-1.040E-0001, 1.80880E-0005
-1.030E-0001, 1.80941E-0005
-1.020E-0001, 1.80971E-0005
-1.010E-0001, 1.80941E-0005
-1.000E-0001, 1.80880E-0005
-9.900E-0002, 1.80849E-0005
-9.800E-0002, 1.80758E-0005
-9.700E-0002, 1.80605E-0005
-9.600E-0002, 1.80575E-0005
-9.500E-0002, 1.80422E-0005
-9.400E-0002, 1.80270E-0005
-9.300E-0002, 1.80117E-0005
-9.200E-0002, 1.79842E-0005
-9.100E-0002, 1.79690E-0005
-9.000E-0002, 1.79385E-0005
-8.900E-0002, 1.79079E-0005
-8.800E-0002, 1.78713E-0005
-8.700E-0002, 1.78286E-0005
-8.600E-0002, 1.77981E-0005
-8.500E-0002, 1.77737E-0005
-8.400E-0002, 1.77492E-0005
-8.300E-0002, 1.77187E-0005
-8.200E-0002, 1.77004E-0005
-8.100E-0002, 1.76668E-0005
-8.000E-0002, 1.76424E-0005
-7.900E-0002, 1.76180E-0005
-7.800E-0002, 1.75997E-0005
-7.700E-0002, 1.75661E-0005
-7.600E-0002, 1.75387E-0005
-7.500E-0002, 1.75020E-0005
-7.400E-0002, 1.74868E-0005
-7.300E-0002, 1.74593E-0005
-7.200E-0002, 1.74349E-0005
-7.100E-0002, 1.74135E-0005
-7.000E-0002, 1.73830E-0005
-6.900E-0002, 1.73525E-0005
-6.800E-0002, 1.73311E-0005
-6.700E-0002, 1.73098E-0005
-6.600E-0002, 1.72762E-0005
-6.500E-0002, 1.72365E-0005
-6.400E-0002, 1.71999E-0005
-6.300E-0002, 1.71511E-0005
-6.200E-0002, 1.71145E-0005
-6.100E-0002, 1.70809E-0005
-6.000E-0002, 1.70534E-0005
-5.900E-0002, 1.70260E-0005
-5.800E-0002, 1.69893E-0005
-5.700E-0002, 1.69649E-0005
-5.600E-0002, 1.69405E-0005
-5.500E-0002, 1.69192E-0005
-5.400E-0002, 1.69008E-0005
-5.300E-0002, 1.68764E-0005
-5.200E-0002, 1.68490E-0005
-5.100E-0002, 1.68307E-0005
-5.000E-0002, 1.68154E-0005
-4.900E-0002, 1.68154E-0005
-4.800E-0002, 1.68093E-0005
-4.700E-0002, 1.68093E-0005
-4.600E-0002, 1.68093E-0005
-4.500E-0002, 1.68093E-0005
-4.400E-0002, 1.68093E-0005
-4.300E-0002, 1.68093E-0005
-4.200E-0002, 1.68062E-0005
-4.100E-0002, 1.68001E-0005
-4.000E-0002, 1.67788E-0005
-3.900E-0002, 1.67544E-0005
-3.800E-0002, 1.67421E-0005
-3.700E-0002, 1.67269E-0005
-3.600E-0002, 1.67086E-0005
-3.500E-0002, 1.66872E-0005
-3.400E-0002, 1.66536E-0005
-3.300E-0002, 1.66292E-0005
-3.200E-0002, 1.66018E-0005
-3.100E-0002, 1.65621E-0005
-3.000E-0002, 1.65316E-0005
-2.900E-0002, 1.64827E-0005
-2.800E-0002, 1.64339E-0005
-2.700E-0002, 1.63759E-0005
-2.600E-0002, 1.63302E-0005
-2.500E-0002, 1.62813E-0005
-2.400E-0002, 1.62417E-0005
-2.300E-0002, 1.62111E-0005
-2.200E-0002, 1.61715E-0005
-2.100E-0002, 1.61409E-0005
-2.000E-0002, 1.61257E-0005
-1.900E-0002, 1.60982E-0005
-1.800E-0002, 1.60799E-0005
-1.700E-0002, 1.60555E-0005
-1.600E-0002, 1.60402E-0005
-1.500E-0002, 1.60219E-0005
-1.400E-0002, 1.60128E-0005
-1.300E-0002, 1.59975E-0005
-1.200E-0002, 1.59914E-0005
-1.100E-0002, 1.59822E-0005
-1.000E-0002, 1.59761E-0005
-9.000E-0003, 1.59609E-0005
-8.000E-0003, 1.59426E-0005
-7.000E-0003, 1.59395E-0005
-6.000E-0003, 1.59365E-0005
-5.000E-0003, 1.59212E-0005
-4.000E-0003, 1.59090E-0005
-3.000E-0003, 1.58907E-0005
-2.000E-0003, 1.58754E-0005
-1.000E-0003, 1.58602E-0005
 0.000E+0000, 1.58480E-0005
 1.000E-0003, 1.58419E-0005
 2.000E-0003, 1.58266E-0005
 3.000E-0003, 1.58113E-0005
 4.000E-0003, 1.57900E-0005
 5.000E-0003, 1.57808E-0005
 6.000E-0003, 1.57534E-0005
 7.000E-0003, 1.57503E-0005
 8.000E-0003, 1.57320E-0005
 9.000E-0003, 1.57167E-0005
 1.000E-0002, 1.57076E-0005
 1.100E-0002, 1.57106E-0005
 1.200E-0002, 1.57106E-0005
 1.300E-0002, 1.57259E-0005
 1.400E-0002, 1.57381E-0005
 1.500E-0002, 1.57442E-0005
 1.600E-0002, 1.57656E-0005
 1.700E-0002, 1.57717E-0005
 1.800E-0002, 1.57717E-0005
 1.900E-0002, 1.57839E-0005
 2.000E-0002, 1.57961E-0005
 2.100E-0002, 1.58022E-0005
 2.200E-0002, 1.58144E-0005
 2.300E-0002, 1.58358E-0005
 2.400E-0002, 1.58510E-0005
 2.500E-0002, 1.58663E-0005
 2.600E-0002, 1.58754E-0005
 2.700E-0002, 1.58937E-0005
 2.800E-0002, 1.59060E-0005
 2.900E-0002, 1.59182E-0005
 3.000E-0002, 1.59304E-0005
 3.100E-0002, 1.59365E-0005
 3.200E-0002, 1.59426E-0005
 3.300E-0002, 1.59365E-0005
 3.400E-0002, 1.59456E-0005
 3.500E-0002, 1.59517E-0005
 3.600E-0002, 1.59670E-0005
 3.700E-0002, 1.59792E-0005
 3.800E-0002, 1.59945E-0005
 3.900E-0002, 1.60036E-0005
 4.000E-0002, 1.60006E-0005
 4.100E-0002, 1.60036E-0005
 4.200E-0002, 1.59975E-0005
 4.300E-0002, 1.59853E-0005
 4.400E-0002, 1.59639E-0005
 4.500E-0002, 1.59487E-0005
 4.600E-0002, 1.59365E-0005
 4.700E-0002, 1.59182E-0005
 4.800E-0002, 1.58937E-0005
 4.900E-0002, 1.58693E-0005
 5.000E-0002, 1.58358E-0005
 5.100E-0002, 1.57869E-0005
 5.200E-0002, 1.57351E-0005
 5.300E-0002, 1.56801E-0005
 5.400E-0002, 1.56160E-0005
 5.500E-0002, 1.55519E-0005
 5.600E-0002, 1.54879E-0005
 5.700E-0002, 1.54268E-0005
 5.800E-0002, 1.53780E-0005
 5.900E-0002, 1.53353E-0005
 6.000E-0002, 1.52956E-0005
 6.100E-0002, 1.52559E-0005
 6.200E-0002, 1.52193E-0005
 6.300E-0002, 1.51888E-0005
 6.400E-0002, 1.51552E-0005
 6.500E-0002, 1.51125E-0005
 6.600E-0002, 1.50881E-0005
 6.700E-0002, 1.50514E-0005
 6.800E-0002, 1.50179E-0005
 6.900E-0002, 1.49935E-0005
 7.000E-0002, 1.49691E-0005
 7.100E-0002, 1.49599E-0005
 7.200E-0002, 1.49507E-0005
 7.300E-0002, 1.49355E-0005
 7.400E-0002, 1.49294E-0005
 7.500E-0002, 1.49111E-0005
 7.600E-0002, 1.49080E-0005
 7.700E-0002, 1.48958E-0005
 7.800E-0002, 1.48775E-0005
 7.900E-0002, 1.48561E-0005
 8.000E-0002, 1.48287E-0005
 8.100E-0002, 1.47981E-0005
 8.200E-0002, 1.47737E-0005
 8.300E-0002, 1.47524E-0005
 8.400E-0002, 1.47219E-0005
 8.500E-0002, 1.46913E-0005
 8.600E-0002, 1.46669E-0005
 8.700E-0002, 1.46334E-0005
 8.800E-0002, 1.45906E-0005
 8.900E-0002, 1.45387E-0005
 9.000E-0002, 1.44869E-0005
 9.100E-0002, 1.44350E-0005
 9.200E-0002, 1.43739E-0005
 9.300E-0002, 1.43099E-0005
 9.400E-0002, 1.42397E-0005
 9.500E-0002, 1.41847E-0005
 9.600E-0002, 1.41176E-0005
 9.700E-0002, 1.40566E-0005
 9.800E-0002, 1.39955E-0005
 9.900E-0002, 1.39375E-0005
 1.000E-0001, 1.38765E-0005
 1.010E-0001, 1.38124E-0005
 1.020E-0001, 1.37575E-0005
 1.030E-0001, 1.37087E-0005
 1.040E-0001, 1.36537E-0005
 1.050E-0001, 1.36018E-0005
 1.060E-0001, 1.35683E-0005
 1.070E-0001, 1.35378E-0005
 1.080E-0001, 1.35164E-0005
 1.090E-0001, 1.35042E-0005
 1.100E-0001, 1.35042E-0005
 1.110E-0001, 1.35194E-0005
 1.120E-0001, 1.35317E-0005
 1.130E-0001, 1.35591E-0005
 1.140E-0001, 1.35988E-0005
 1.150E-0001, 1.36446E-0005
 1.160E-0001, 1.36903E-0005
 1.170E-0001, 1.37483E-0005
 1.180E-0001, 1.38124E-0005
 1.190E-0001, 1.38765E-0005
 1.200E-0001, 1.39467E-0005
 1.210E-0001, 1.40169E-0005
 1.220E-0001, 1.40871E-0005
 1.230E-0001, 1.41512E-0005
 1.240E-0001, 1.42214E-0005
 1.250E-0001, 1.42854E-0005
 1.260E-0001, 1.43434E-0005
 1.270E-0001, 1.43953E-0005
 1.280E-0001, 1.44350E-0005
 1.290E-0001, 1.44777E-0005
 1.300E-0001, 1.45113E-0005
 1.310E-0001, 1.45357E-0005
 1.320E-0001, 1.45571E-0005
 1.330E-0001, 1.45693E-0005
 1.340E-0001, 1.45723E-0005
 1.350E-0001, 1.45693E-0005
 1.360E-0001, 1.45571E-0005
 1.370E-0001, 1.45357E-0005
 1.380E-0001, 1.44960E-0005
 1.390E-0001, 1.44625E-0005
 1.400E-0001, 1.44167E-0005
 1.410E-0001, 1.43526E-0005
 1.420E-0001, 1.43007E-0005
 1.430E-0001, 1.42397E-0005
 1.440E-0001, 1.41786E-0005
 1.450E-0001, 1.41176E-0005
 1.460E-0001, 1.40444E-0005
 1.470E-0001, 1.39833E-0005
 1.480E-0001, 1.39101E-0005
 1.490E-0001, 1.38429E-0005
 1.500E-0001, 1.37544E-0005
 1.510E-0001, 1.36842E-0005
 1.520E-0001, 1.36079E-0005
 1.530E-0001, 1.35194E-0005
 1.540E-0001, 1.34401E-0005
 1.550E-0001, 1.33607E-0005
 1.560E-0001, 1.32814E-0005
 1.570E-0001, 1.32021E-0005
 1.580E-0001, 1.31227E-0005
 1.590E-0001, 1.30525E-0005
 1.600E-0001, 1.29762E-0005
 1.610E-0001, 1.29030E-0005
 1.620E-0001, 1.28297E-0005
 1.630E-0001, 1.27626E-0005
 1.640E-0001, 1.26863E-0005
 1.650E-0001, 1.26192E-0005
 1.660E-0001, 1.25581E-0005
 1.670E-0001, 1.24940E-0005
 1.680E-0001, 1.24299E-0005
 1.690E-0001, 1.23781E-0005
 1.700E-0001, 1.23262E-0005
 1.710E-0001, 1.22743E-0005
 1.720E-0001, 1.22255E-0005
 1.730E-0001, 1.21705E-0005
 1.740E-0001, 1.21217E-0005
 1.750E-0001, 1.20668E-0005
 1.760E-0001, 1.20149E-0005
 1.770E-0001, 1.19691E-0005
 1.780E-0001, 1.19233E-0005
 1.790E-0001, 1.18745E-0005
 1.800E-0001, 1.18348E-0005
 1.810E-0001, 1.17891E-0005
 1.820E-0001, 1.17402E-0005
 1.830E-0001, 1.17036E-0005
 1.840E-0001, 1.16609E-0005
 1.850E-0001, 1.16273E-0005
 1.860E-0001, 1.15877E-0005
 1.870E-0001, 1.15449E-0005
 1.880E-0001, 1.15083E-0005
 1.890E-0001, 1.14656E-0005
 1.900E-0001, 1.14259E-0005
 1.910E-0001, 1.13984E-0005
 1.920E-0001, 1.13679E-0005
 1.930E-0001, 1.13344E-0005
 1.940E-0001, 1.13008E-0005
 1.950E-0001, 1.12703E-0005
 1.960E-0001, 1.12397E-0005
 1.970E-0001, 1.12153E-0005
 1.980E-0001, 1.11879E-0005
 1.990E-0001, 1.11543E-0005
 2.000E-0001, 1.11268E-0005
 2.010E-0001, 1.11024E-0005
 2.020E-0001, 1.10719E-0005
 2.030E-0001, 1.10536E-0005
 2.040E-0001, 1.10261E-0005
 2.050E-0001, 1.10109E-0005
 2.060E-0001, 1.09712E-0005
 2.070E-0001, 1.09437E-0005
 2.080E-0001, 1.09163E-0005
 2.090E-0001, 1.08796E-0005
 2.100E-0001, 1.08461E-0005
 2.110E-0001, 1.08094E-0005
 2.120E-0001, 1.07637E-0005
 2.130E-0001, 1.07240E-0005
 2.140E-0001, 1.06752E-0005
 2.150E-0001, 1.06416E-0005
 2.160E-0001, 1.06050E-0005
 2.170E-0001, 1.05622E-0005
 2.180E-0001, 1.05348E-0005
 2.190E-0001, 1.05043E-0005
 2.200E-0001, 1.04676E-0005
 2.210E-0001, 1.04432E-0005
 2.220E-0001, 1.04158E-0005
 2.230E-0001, 1.03974E-0005
 2.240E-0001, 1.03639E-0005
 2.250E-0001, 1.03364E-0005
 2.260E-0001, 1.03120E-0005
 2.270E-0001, 1.02876E-0005
 2.280E-0001, 1.02632E-0005
 2.290E-0001, 1.02418E-0005
 2.300E-0001, 1.02174E-0005
 2.310E-0001, 1.01838E-0005
 2.320E-0001, 1.01625E-0005
 2.330E-0001, 1.01350E-0005
 2.340E-0001, 1.01106E-0005
 2.350E-0001, 1.00801E-0005
 2.360E-0001, 1.00434E-0005
 2.370E-0001, 1.00099E-0005
 2.380E-0001, 9.97329E-0006
 2.390E-0001, 9.93972E-0006
 2.400E-0001, 9.89700E-0006
 2.410E-0001, 9.86037E-0006
 2.420E-0001, 9.83291E-0006
 2.430E-0001, 9.78408E-0006
 2.440E-0001, 9.74441E-0006
 2.450E-0001, 9.69863E-0006
 2.460E-0001, 9.65896E-0006
 2.470E-0001, 9.61013E-0006
 2.480E-0001, 9.55825E-0006
 2.490E-0001, 9.50026E-0006
 2.500E-0001, 9.43617E-0006
 2.510E-0001, 9.38429E-0006
 2.520E-0001, 9.32021E-0006
 2.530E-0001, 9.26222E-0006
 2.540E-0001, 9.19203E-0006
 2.550E-0001, 9.12489E-0006
 2.560E-0001, 9.05165E-0006
 2.570E-0001, 8.96925E-0006
 2.580E-0001, 8.88685E-0006
 2.590E-0001, 8.79530E-0006
 2.600E-0001, 8.70374E-0006
 2.610E-0001, 8.60914E-0006
 2.620E-0001, 8.50843E-0006
 2.630E-0001, 8.40466E-0006
 2.640E-0001, 8.30701E-0006
 2.650E-0001, 8.20019E-0006
 2.660E-0001, 8.09033E-0006
 2.670E-0001, 7.98352E-0006
 2.680E-0001, 7.87060E-0006
 2.690E-0001, 7.76379E-0006
 2.700E-0001, 7.65087E-0006
 2.710E-0001, 7.52269E-0006
 2.720E-0001, 7.40062E-0006
 2.730E-0001, 7.27855E-0006
 2.740E-0001, 7.15648E-0006
 2.750E-0001, 7.03746E-0006
 2.760E-0001, 6.91233E-0006
 2.770E-0001, 6.78721E-0006
 2.780E-0001, 6.65903E-0006
 2.790E-0001, 6.53696E-0006
 2.800E-0001, 6.40878E-0006
 2.810E-0001, 6.28061E-0006
 2.820E-0001, 6.16464E-0006
 2.830E-0001, 6.03341E-0006
 2.840E-0001, 5.89913E-0006
 2.850E-0001, 5.77096E-0006
 2.860E-0001, 5.63973E-0006
 2.870E-0001, 5.51461E-0006
 2.880E-0001, 5.38033E-0006
 2.890E-0001, 5.25520E-0006
 2.900E-0001, 5.11787E-0006
 2.910E-0001, 4.98970E-0006
 2.920E-0001, 4.86762E-0006
 2.930E-0001, 4.73640E-0006
 2.940E-0001, 4.60822E-0006
 2.950E-0001, 4.48310E-0006
 2.960E-0001, 4.35492E-0006
 2.970E-0001, 4.23590E-0006
 2.980E-0001, 4.11383E-0006
 2.990E-0001, 3.99481E-0006
 3.000E-0001, 3.88799E-0006
 3.010E-0001, 3.77813E-0006
 3.020E-0001, 3.67132E-0006
 3.030E-0001, 3.57061E-0006
 3.040E-0001, 3.46684E-0006
 3.050E-0001, 3.37834E-0006
 3.060E-0001, 3.28679E-0006
 3.070E-0001, 3.19829E-0006
 3.080E-0001, 3.10368E-0006
 3.090E-0001, 3.03044E-0006
 3.100E-0001, 2.94499E-0006
 3.110E-0001, 2.86259E-0006
 3.120E-0001, 2.78324E-0006
 3.130E-0001, 2.70389E-0006
 3.140E-0001, 2.62455E-0006
 3.150E-0001, 2.54520E-0006
 3.160E-0001, 2.46890E-0006
 3.170E-0001, 2.39261E-0006
 3.180E-0001, 2.31021E-0006
 3.190E-0001, 2.22781E-0006
 3.200E-0001, 2.13626E-0006
 3.210E-0001, 2.05386E-0006
 3.220E-0001, 1.96536E-0006
 3.230E-0001, 1.87991E-0006
 3.240E-0001, 1.79446E-0006
 3.250E-0001, 1.71206E-0006
 3.260E-0001, 1.62661E-0006
 3.270E-0001, 1.53810E-0006
 3.280E-0001, 1.45571E-0006
 3.290E-0001, 1.37636E-0006
 3.300E-0001, 1.29396E-0006
 3.310E-0001, 1.20851E-0006
 3.320E-0001, 1.11390E-0006
 3.330E-0001, 1.03150E-0006
 3.340E-0001, 9.55214E-0007
 3.350E-0001, 8.75867E-0007
 3.360E-0001, 7.99572E-0007
 3.370E-0001, 7.29381E-0007
 3.380E-0001, 6.50034E-0007
 3.390E-0001, 5.76791E-0007
 3.400E-0001, 5.12703E-0007
 3.410E-0001, 4.51667E-0007
 3.420E-0001, 3.78423E-0007
 3.430E-0001, 3.26543E-0007
 3.440E-0001, 2.65506E-0007
 3.450E-0001, 2.07522E-0007
 3.460E-0001, 1.55642E-0007
 3.470E-0001, 1.03761E-0007
 3.480E-0001, 5.79842E-0008
 3.490E-0001, 9.15541E-0009
 3.500E-0001,-3.35698E-0008
 3.510E-0001,-7.32433E-0008
 3.520E-0001,-1.19020E-0007
 3.530E-0001,-1.58693E-0007
 3.540E-0001,-1.89211E-0007
 3.550E-0001,-2.28885E-0007
 3.560E-0001,-2.62455E-0007
 3.570E-0001,-2.99076E-0007
 3.580E-0001,-3.20439E-0007
 3.590E-0001,-3.47905E-0007
 3.600E-0001,-3.81475E-0007
 3.610E-0001,-3.99786E-0007
 3.620E-0001,-4.24200E-0007
 3.630E-0001,-4.45563E-0007
 3.640E-0001,-4.66926E-0007
 3.650E-0001,-4.82185E-0007
 3.660E-0001,-5.00495E-0007
 3.670E-0001,-5.15754E-0007
 3.680E-0001,-5.21858E-0007
 3.690E-0001,-5.34065E-0007
 3.700E-0001,-5.46272E-0007
 3.710E-0001,-5.52376E-0007
 3.720E-0001,-5.58480E-0007
 3.730E-0001,-5.64583E-0007
 3.740E-0001,-5.67635E-0007
 3.750E-0001,-5.67635E-0007
 3.760E-0001,-5.61532E-0007
 3.770E-0001,-5.70687E-0007
 3.780E-0001,-5.61532E-0007
 3.790E-0001,-5.55428E-0007
 3.800E-0001,-5.61532E-0007
 3.810E-0001,-5.52376E-0007
 3.820E-0001,-5.40169E-0007
 3.830E-0001,-5.34065E-0007
 3.840E-0001,-5.24910E-0007
 3.850E-0001,-5.18806E-0007
 3.860E-0001,-5.09651E-0007
 3.870E-0001,-5.00495E-0007
 3.880E-0001,-4.94392E-0007
 3.890E-0001,-4.79133E-0007
 3.900E-0001,-4.66926E-0007
 3.910E-0001,-4.63874E-0007
 3.920E-0001,-4.60822E-0007
 3.930E-0001,-4.51667E-0007
 3.940E-0001,-4.42511E-0007
 3.950E-0001,-4.27252E-0007
 3.960E-0001,-4.21149E-0007
 3.970E-0001,-4.08941E-0007
 3.980E-0001,-4.02838E-0007
 3.990E-0001,-3.96734E-0007
 4.000E-0001,-3.90630E-0007
 4.010E-0001,-3.78423E-0007
 4.020E-0001,-3.75371E-0007
 4.030E-0001,-3.69268E-0007
 4.040E-0001,-3.60112E-0007
 4.050E-0001,-3.54009E-0007
 4.060E-0001,-3.54009E-0007
 4.070E-0001,-3.47905E-0007
 4.080E-0001,-3.38750E-0007
 4.090E-0001,-3.35698E-0007
 4.100E-0001,-3.29594E-0007
 4.110E-0001,-3.26543E-0007
 4.120E-0001,-3.20439E-0007
 4.130E-0001,-3.17387E-0007
 4.140E-0001,-3.14335E-0007
 4.150E-0001,-3.14335E-0007
 4.160E-0001,-3.05180E-0007
 4.170E-0001,-3.05180E-0007
 4.180E-0001,-3.05180E-0007
 4.190E-0001,-2.92973E-0007
 4.200E-0001,-2.83817E-0007
 4.210E-0001,-2.80766E-0007
 4.220E-0001,-2.80766E-0007
 4.230E-0001,-2.80766E-0007
 4.240E-0001,-2.74662E-0007
 4.250E-0001,-2.71610E-0007
 4.260E-0001,-2.62455E-0007
 4.270E-0001,-2.65506E-0007
 4.280E-0001,-2.62455E-0007
 4.290E-0001,-2.56351E-0007
 4.300E-0001,-2.53299E-0007
 4.310E-0001,-2.56351E-0007
 4.320E-0001,-2.44144E-0007
 4.330E-0001,-2.44144E-0007
 4.340E-0001,-2.38040E-0007
 4.350E-0001,-2.38040E-0007
 4.360E-0001,-2.34988E-0007
 4.370E-0001,-2.34988E-0007
 4.380E-0001,-2.34988E-0007
 4.390E-0001,-2.31937E-0007
 4.400E-0001,-2.28885E-0007
 4.410E-0001,-2.22781E-0007
 4.420E-0001,-2.25833E-0007
 4.430E-0001,-2.19729E-0007
 4.440E-0001,-2.22781E-0007
 4.450E-0001,-2.16678E-0007
 4.460E-0001,-2.19729E-0007
 4.470E-0001,-2.16678E-0007
 4.480E-0001,-2.13626E-0007
 4.490E-0001,-2.10574E-0007
 4.500E-0001,-2.07522E-0007
 4.510E-0001,-2.13626E-0007
 4.520E-0001,-2.07522E-0007
 4.530E-0001,-2.10574E-0007
 4.540E-0001,-2.04470E-0007
 4.550E-0001,-2.04470E-0007
 4.560E-0001,-2.10574E-0007
 4.570E-0001,-1.95315E-0007
 4.580E-0001,-1.95315E-0007
 4.590E-0001,-2.04470E-0007
 4.600E-0001,-1.95315E-0007
 4.610E-0001,-1.89211E-0007
 4.620E-0001,-1.95315E-0007
 4.630E-0001,-1.92263E-0007
 4.640E-0001,-1.95315E-0007
 4.650E-0001,-1.89211E-0007
 4.660E-0001,-1.89211E-0007
 4.670E-0001,-1.86160E-0007
 4.680E-0001,-1.89211E-0007
 4.690E-0001,-1.86160E-0007
 4.700E-0001,-1.89211E-0007
 4.710E-0001,-1.92263E-0007
 4.720E-0001,-1.92263E-0007
 4.730E-0001,-1.92263E-0007
 4.740E-0001,-1.89211E-0007
 4.750E-0001,-1.83108E-0007
 4.760E-0001,-1.92263E-0007
 4.770E-0001,-1.80056E-0007
 4.780E-0001,-1.86160E-0007
 4.790E-0001,-1.77004E-0007
 4.800E-0001,-1.80056E-0007
 4.810E-0001,-1.80056E-0007
 4.820E-0001,-1.86160E-0007
 4.830E-0001,-1.89211E-0007
 4.840E-0001,-1.89211E-0007
 4.850E-0001,-1.89211E-0007
 4.860E-0001,-1.89211E-0007
 4.870E-0001,-1.86160E-0007
 4.880E-0001,-1.80056E-0007
 4.890E-0001,-1.86160E-0007
 4.900E-0001,-1.77004E-0007
 4.910E-0001,-1.80056E-0007
 4.920E-0001,-1.77004E-0007
 4.930E-0001,-1.86160E-0007
 4.940E-0001,-1.86160E-0007
 4.950E-0001,-1.86160E-0007
 4.960E-0001,-1.80056E-0007
 4.970E-0001,-1.86160E-0007
 4.980E-0001,-1.77004E-0007
 4.990E-0001,-1.83108E-0007
 5.000E-0001,-1.86160E-0007
 5.010E-0001,-1.86160E-0007
 5.020E-0001,-1.83108E-0007
 5.030E-0001,-1.86160E-0007
 5.040E-0001,-1.83108E-0007
 5.050E-0001,-1.92263E-0007
 5.060E-0001,-1.86160E-0007
 5.070E-0001,-1.83108E-0007
 5.080E-0001,-1.80056E-0007
 5.090E-0001,-1.89211E-0007
 5.100E-0001,-1.83108E-0007
 5.110E-0001,-1.80056E-0007
 5.120E-0001,-1.80056E-0007
 5.130E-0001,-1.89211E-0007
 5.140E-0001,-1.89211E-0007
 5.150E-0001,-1.86160E-0007
 5.160E-0001,-1.86160E-0007
 5.170E-0001,-1.89211E-0007
 5.180E-0001,-1.86160E-0007
 5.190E-0001,-1.86160E-0007
 5.200E-0001,-1.89211E-0007
 5.210E-0001,-1.92263E-0007
 5.220E-0001,-1.95315E-0007
 5.230E-0001,-1.92263E-0007
 5.240E-0001,-1.86160E-0007
 5.250E-0001,-1.86160E-0007
 5.260E-0001,-1.89211E-0007
 5.270E-0001,-1.92263E-0007
 5.280E-0001,-1.89211E-0007
 5.290E-0001,-1.89211E-0007
 5.300E-0001,-1.92263E-0007
 5.310E-0001,-1.89211E-0007
 5.320E-0001,-1.95315E-0007
 5.330E-0001,-1.89211E-0007
 5.340E-0001,-1.89211E-0007
 5.350E-0001,-1.95315E-0007
 5.360E-0001,-1.92263E-0007
 5.370E-0001,-1.95315E-0007
 5.380E-0001,-1.95315E-0007
 5.390E-0001,-1.98367E-0007
 5.400E-0001,-1.95315E-0007
 5.410E-0001,-1.92263E-0007
 5.420E-0001,-1.98367E-0007
 5.430E-0001,-2.01419E-0007
 5.440E-0001,-2.04470E-0007
 5.450E-0001,-2.01419E-0007
 5.460E-0001,-2.04470E-0007
 5.470E-0001,-2.01419E-0007
 5.480E-0001,-2.04470E-0007
 5.490E-0001,-2.04470E-0007
 5.500E-0001,-2.01419E-0007
 5.510E-0001,-2.04470E-0007
 5.520E-0001,-2.01419E-0007
 5.530E-0001,-2.04470E-0007
 5.540E-0001,-1.98367E-0007
 5.550E-0001,-2.04470E-0007
 5.560E-0001,-2.04470E-0007
 5.570E-0001,-2.07522E-0007
 5.580E-0001,-2.10574E-0007
 5.590E-0001,-2.07522E-0007
 5.600E-0001,-2.07522E-0007
 5.610E-0001,-2.13626E-0007
 5.620E-0001,-2.07522E-0007
 5.630E-0001,-2.13626E-0007
 5.640E-0001,-2.07522E-0007
 5.650E-0001,-2.10574E-0007
 5.660E-0001,-2.10574E-0007
 5.670E-0001,-2.04470E-0007
 5.680E-0001,-2.13626E-0007
 5.690E-0001,-2.13626E-0007
 5.700E-0001,-2.10574E-0007
 5.710E-0001,-2.16678E-0007
 5.720E-0001,-2.13626E-0007
 5.730E-0001,-2.16678E-0007
 5.740E-0001,-2.10574E-0007
 5.750E-0001,-2.13626E-0007
 5.760E-0001,-2.13626E-0007
 5.770E-0001,-2.19729E-0007
 5.780E-0001,-2.13626E-0007
 5.790E-0001,-2.19729E-0007
 5.800E-0001,-2.19729E-0007
 5.810E-0001,-2.19729E-0007
 5.820E-0001,-2.16678E-0007
 5.830E-0001,-2.16678E-0007
 5.840E-0001,-2.16678E-0007
 5.850E-0001,-2.13626E-0007
 5.860E-0001,-2.25833E-0007
 5.870E-0001,-2.28885E-0007
 5.880E-0001,-2.22781E-0007
 5.890E-0001,-2.22781E-0007
 5.900E-0001,-2.19729E-0007
 5.910E-0001,-2.28885E-0007
 5.920E-0001,-2.25833E-0007
 5.930E-0001,-2.28885E-0007
 5.940E-0001,-2.25833E-0007
 5.950E-0001,-2.28885E-0007
 5.960E-0001,-2.28885E-0007
 5.970E-0001,-2.25833E-0007
 5.980E-0001,-2.34988E-0007
 5.990E-0001,-2.31937E-0007
 6.000E-0001,-2.31937E-0007
 6.010E-0001,-2.31937E-0007
 6.020E-0001,-2.38040E-0007
 6.030E-0001,-2.31937E-0007
 6.040E-0001,-2.41092E-0007
 6.050E-0001,-2.31937E-0007
 6.060E-0001,-2.38040E-0007
 6.070E-0001,-2.34988E-0007
 6.080E-0001,-2.38040E-0007
 6.090E-0001,-2.34988E-0007
 6.100E-0001,-2.34988E-0007
 6.110E-0001,-2.41092E-0007
 6.120E-0001,-2.34988E-0007
 6.130E-0001,-2.41092E-0007
 6.140E-0001,-2.41092E-0007
 6.150E-0001,-2.47196E-0007
 6.160E-0001,-2.47196E-0007
 6.170E-0001,-2.47196E-0007
 6.180E-0001,-2.47196E-0007
 6.190E-0001,-2.47196E-0007
 6.200E-0001,-2.47196E-0007
 6.210E-0001,-2.47196E-0007
 6.220E-0001,-2.53299E-0007
 6.230E-0001,-2.47196E-0007
 6.240E-0001,-2.53299E-0007
 6.250E-0001,-2.56351E-0007
 6.260E-0001,-2.56351E-0007
 6.270E-0001,-2.56351E-0007
 6.280E-0001,-2.53299E-0007
 6.290E-0001,-2.56351E-0007
 6.300E-0001,-2.56351E-0007
 6.310E-0001,-2.56351E-0007
 6.320E-0001,-2.65506E-0007
 6.330E-0001,-2.59403E-0007
 6.340E-0001,-2.59403E-0007
 6.350E-0001,-2.62455E-0007
 6.360E-0001,-2.68558E-0007
 6.370E-0001,-2.68558E-0007
 6.380E-0001,-2.71610E-0007
 6.390E-0001,-2.68558E-0007
 6.400E-0001,-2.71610E-0007
 6.410E-0001,-2.74662E-0007
 6.420E-0001,-2.68558E-0007
 6.430E-0001,-2.74662E-0007
 6.440E-0001,-2.71610E-0007
 6.450E-0001,-2.74662E-0007
 6.460E-0001,-2.74662E-0007
 6.470E-0001,-2.80766E-0007
 6.480E-0001,-2.80766E-0007
 6.490E-0001,-2.77714E-0007
 6.500E-0001,-2.83817E-0007
 6.510E-0001,-2.83817E-0007
 6.520E-0001,-2.83817E-0007
 6.530E-0001,-2.86869E-0007
 6.540E-0001,-2.86869E-0007
 6.550E-0001,-2.86869E-0007
 6.560E-0001,-2.83817E-0007
 6.570E-0001,-2.89921E-0007
 6.580E-0001,-2.96025E-0007
 6.590E-0001,-2.92973E-0007
 6.600E-0001,-2.96025E-0007
 6.610E-0001,-2.96025E-0007
 6.620E-0001,-2.99076E-0007
 6.630E-0001,-3.11284E-0007
 6.640E-0001,-3.05180E-0007
 6.650E-0001,-2.99076E-0007
 6.660E-0001,-2.99076E-0007
 6.670E-0001,-3.02128E-0007
 6.680E-0001,-3.02128E-0007
 6.690E-0001,-3.08232E-0007
 6.700E-0001,-3.14335E-0007
 6.710E-0001,-3.14335E-0007
 6.720E-0001,-3.17387E-0007
 6.730E-0001,-3.17387E-0007
 6.740E-0001,-3.14335E-0007
 6.750E-0001,-3.20439E-0007
 6.760E-0001,-3.17387E-0007
 6.770E-0001,-3.20439E-0007
 6.780E-0001,-3.20439E-0007
 6.790E-0001,-3.23491E-0007
 6.800E-0001,-3.26543E-0007
 6.810E-0001,-3.26543E-0007
 6.820E-0001,-3.29594E-0007
 6.830E-0001,-3.29594E-0007
 6.840E-0001,-3.35698E-0007
 6.850E-0001,-3.38750E-0007
 6.860E-0001,-3.38750E-0007
 6.870E-0001,-3.35698E-0007
 6.880E-0001,-3.38750E-0007
 6.890E-0001,-3.47905E-0007
 6.900E-0001,-3.47905E-0007
 6.910E-0001,-3.50957E-0007
 6.920E-0001,-3.44853E-0007
 6.930E-0001,-3.54009E-0007
 6.940E-0001,-3.47905E-0007
 6.950E-0001,-3.57061E-0007
 6.960E-0001,-3.57061E-0007
 6.970E-0001,-3.54009E-0007
 6.980E-0001,-3.57061E-0007
 6.990E-0001,-3.60112E-0007
 7.000E-0001,-3.63164E-0007
 7.010E-0001,-3.63164E-0007
 7.020E-0001,-3.63164E-0007
 7.030E-0001,-3.69268E-0007
 7.040E-0001,-3.72320E-0007
 7.050E-0001,-3.72320E-0007
 7.060E-0001,-3.81475E-0007
 7.070E-0001,-3.78423E-0007
 7.080E-0001,-3.84527E-0007
 7.090E-0001,-3.84527E-0007
 7.100E-0001,-3.84527E-0007
 7.110E-0001,-3.90630E-0007
 7.120E-0001,-3.96734E-0007
 7.130E-0001,-3.96734E-0007
 7.140E-0001,-3.90630E-0007
 7.150E-0001,-4.05889E-0007
 7.160E-0001,-3.99786E-0007
 7.170E-0001,-4.05889E-0007
 7.180E-0001,-4.08941E-0007
 7.190E-0001,-4.08941E-0007
 7.200E-0001,-4.11993E-0007
 7.210E-0001,-4.11993E-0007
 7.220E-0001,-4.21149E-0007
 7.230E-0001,-4.24200E-0007
 7.240E-0001,-4.18097E-0007
 7.250E-0001,-4.27252E-0007
 7.260E-0001,-4.33356E-0007
 7.270E-0001,-4.33356E-0007
 7.280E-0001,-4.33356E-0007
 7.290E-0001,-4.39459E-0007
 7.300E-0001,-4.39459E-0007
 7.310E-0001,-4.45563E-0007
 7.320E-0001,-4.45563E-0007
 7.330E-0001,-4.45563E-0007
 7.340E-0001,-4.54718E-0007
 7.350E-0001,-4.60822E-0007
 7.360E-0001,-4.63874E-0007
 7.370E-0001,-4.60822E-0007
 7.380E-0001,-4.66926E-0007
 7.390E-0001,-4.69977E-0007
 7.400E-0001,-4.66926E-0007
 7.410E-0001,-4.73029E-0007
 7.420E-0001,-4.79133E-0007
 7.430E-0001,-4.82185E-0007
 7.440E-0001,-4.85236E-0007
 7.450E-0001,-4.88288E-0007
 7.460E-0001,-4.88288E-0007
 7.470E-0001,-4.97444E-0007
 7.480E-0001,-4.97444E-0007
 7.490E-0001,-5.03547E-0007
 7.500E-0001,-5.06599E-0007
 7.510E-0001,-5.09651E-0007
 7.520E-0001,-5.12703E-0007
 7.530E-0001,-5.15754E-0007
 7.540E-0001,-5.18806E-0007
 7.550E-0001,-5.21858E-0007
 7.560E-0001,-5.27962E-0007
 7.570E-0001,-5.34065E-0007
 7.580E-0001,-5.37117E-0007
 7.590E-0001,-5.37117E-0007
 7.600E-0001,-5.37117E-0007
 7.610E-0001,-5.49324E-0007
 7.620E-0001,-5.52376E-0007
 7.630E-0001,-5.49324E-0007
 7.640E-0001,-5.58480E-0007
 7.650E-0001,-5.55428E-0007
 7.660E-0001,-5.61532E-0007
 7.670E-0001,-5.67635E-0007
 7.680E-0001,-5.76791E-0007
 7.690E-0001,-5.76791E-0007
 7.700E-0001,-5.79842E-0007
 7.710E-0001,-5.85946E-0007
 7.720E-0001,-5.88998E-0007
 7.730E-0001,-5.95101E-0007
 7.740E-0001,-6.01205E-0007
 7.750E-0001,-6.01205E-0007
 7.760E-0001,-6.04257E-0007
 7.770E-0001,-6.16464E-0007
 7.780E-0001,-6.16464E-0007
 7.790E-0001,-6.25619E-0007
 7.800E-0001,-6.25619E-0007
 7.810E-0001,-6.28671E-0007
 7.820E-0001,-6.37827E-0007
 7.830E-0001,-6.43930E-0007
 7.840E-0001,-6.46982E-0007
 7.850E-0001,-6.50034E-0007
 7.860E-0001,-6.53086E-0007
 7.870E-0001,-6.65293E-0007
 7.880E-0001,-6.65293E-0007
 7.890E-0001,-6.71396E-0007
 7.900E-0001,-6.74448E-0007
 7.910E-0001,-6.77500E-0007
 7.920E-0001,-6.80552E-0007
 7.930E-0001,-6.92759E-0007
 7.940E-0001,-6.92759E-0007
 7.950E-0001,-6.98863E-0007
 7.960E-0001,-7.08018E-0007
 7.970E-0001,-7.11070E-0007
 7.980E-0001,-7.11070E-0007
 7.990E-0001,-7.14122E-0007
 8.000E-0001,-7.20225E-0007
