
 7.990E-0001,-4.63874E-0007
 7.980E-0001,-4.54718E-0007
 7.970E-0001,-4.30304E-0007
 7.960E-0001,-4.02838E-0007
 7.950E-0001,-3.78423E-0007
 7.940E-0001,-3.57061E-0007
 7.930E-0001,-3.29594E-0007
 7.920E-0001,-3.08232E-0007
 7.910E-0001,-2.89921E-0007
 7.900E-0001,-2.80766E-0007
 7.890E-0001,-2.62455E-0007
 7.880E-0001,-2.47196E-0007
 7.870E-0001,-2.31937E-0007
 7.860E-0001,-2.16678E-0007
 7.850E-0001,-2.04470E-0007
 7.840E-0001,-1.92263E-0007
 7.830E-0001,-1.83108E-0007
 7.820E-0001,-1.80056E-0007
 7.810E-0001,-1.67849E-0007
 7.800E-0001,-1.55642E-0007
 7.790E-0001,-1.49538E-0007
 7.780E-0001,-1.43434E-0007
 7.770E-0001,-1.31227E-0007
 7.760E-0001,-1.22072E-0007
 7.750E-0001,-1.25123E-0007
 7.740E-0001,-1.09864E-0007
 7.730E-0001,-1.09864E-0007
 7.720E-0001,-9.76577E-0008
 7.710E-0001,-8.85023E-0008
 7.700E-0001,-8.23987E-0008
 7.690E-0001,-7.62951E-0008
 7.680E-0001,-7.32433E-0008
 7.670E-0001,-6.40878E-0008
 7.660E-0001,-6.10360E-0008
 7.650E-0001,-5.79842E-0008
 7.640E-0001,-5.18806E-0008
 7.630E-0001,-4.27252E-0008
 7.620E-0001,-3.96734E-0008
 7.610E-0001,-3.66216E-0008
 7.600E-0001,-3.05180E-0008
 7.590E-0001,-3.05180E-0008
 7.580E-0001,-2.74662E-0008
 7.570E-0001,-2.13626E-0008
 7.560E-0001,-1.52590E-0008
 7.550E-0001,-1.83108E-0008
 7.540E-0001,-1.22072E-0008
 7.530E-0001, 0.00000E+0000
 7.520E-0001,-6.10360E-0009
 7.510E-0001,-6.10360E-0009
 7.500E-0001, 3.05180E-0009
 7.490E-0001, 6.10360E-0009
 7.480E-0001, 6.10360E-0009
 7.470E-0001, 6.10360E-0009
 7.460E-0001, 1.22072E-0008
 7.450E-0001, 1.52590E-0008
 7.440E-0001, 1.52590E-0008
 7.430E-0001, 1.52590E-0008
 7.420E-0001, 1.52590E-0008
 7.410E-0001, 2.13626E-0008
 7.400E-0001, 2.13626E-0008
 7.390E-0001, 2.44144E-0008
 7.380E-0001, 2.44144E-0008
 7.370E-0001, 2.44144E-0008
 7.360E-0001, 2.74662E-0008
 7.350E-0001, 3.05180E-0008
 7.340E-0001, 2.74662E-0008
 7.330E-0001, 2.74662E-0008
 7.320E-0001, 3.35698E-0008
 7.310E-0001, 3.35698E-0008
 7.300E-0001, 3.05180E-0008
 7.290E-0001, 3.05180E-0008
 7.280E-0001, 3.66216E-0008
 7.270E-0001, 3.66216E-0008
 7.260E-0001, 4.57770E-0008
 7.250E-0001, 3.66216E-0008
 7.240E-0001, 3.96734E-0008
 7.230E-0001, 4.27252E-0008
 7.220E-0001, 3.96734E-0008
 7.210E-0001, 4.27252E-0008
 7.200E-0001, 5.18806E-0008
 7.190E-0001, 4.88288E-0008
 7.180E-0001, 4.27252E-0008
 7.170E-0001, 3.96734E-0008
 7.160E-0001, 4.88288E-0008
 7.150E-0001, 4.57770E-0008
 7.140E-0001, 4.57770E-0008
 7.130E-0001, 5.49324E-0008
 7.120E-0001, 4.57770E-0008
 7.110E-0001, 5.49324E-0008
 7.100E-0001, 5.49324E-0008
 7.090E-0001, 5.49324E-0008
 7.080E-0001, 5.18806E-0008
 7.070E-0001, 6.10360E-0008
 7.060E-0001, 5.79842E-0008
 7.050E-0001, 5.79842E-0008
 7.040E-0001, 6.40878E-0008
 7.030E-0001, 6.10360E-0008
 7.020E-0001, 6.40878E-0008
 7.010E-0001, 6.10360E-0008
 7.000E-0001, 6.40878E-0008
 6.990E-0001, 6.71396E-0008
 6.980E-0001, 5.79842E-0008
 6.970E-0001, 6.71396E-0008
 6.960E-0001, 6.71396E-0008
 6.950E-0001, 6.71396E-0008
 6.940E-0001, 7.01915E-0008
 6.930E-0001, 6.71396E-0008
 6.920E-0001, 7.32433E-0008
 6.910E-0001, 7.01915E-0008
 6.900E-0001, 7.01915E-0008
 6.890E-0001, 7.01915E-0008
 6.880E-0001, 7.93469E-0008
 6.870E-0001, 7.01915E-0008
 6.860E-0001, 7.32433E-0008
 6.850E-0001, 7.93469E-0008
 6.840E-0001, 7.32433E-0008
 6.830E-0001, 7.01915E-0008
 6.820E-0001, 7.32433E-0008
 6.810E-0001, 7.93469E-0008
 6.800E-0001, 7.01915E-0008
 6.790E-0001, 8.23987E-0008
 6.780E-0001, 7.62951E-0008
 6.770E-0001, 7.93469E-0008
 6.760E-0001, 7.93469E-0008
 6.750E-0001, 8.23987E-0008
 6.740E-0001, 8.23987E-0008
 6.730E-0001, 7.93469E-0008
 6.720E-0001, 8.54505E-0008
 6.710E-0001, 8.23987E-0008
 6.700E-0001, 8.54505E-0008
 6.690E-0001, 8.23987E-0008
 6.680E-0001, 8.54505E-0008
 6.670E-0001, 9.15541E-0008
 6.660E-0001, 8.85023E-0008
 6.650E-0001, 8.54505E-0008
 6.640E-0001, 9.15541E-0008
 6.630E-0001, 9.15541E-0008
 6.620E-0001, 8.85023E-0008
 6.610E-0001, 8.85023E-0008
 6.600E-0001, 8.85023E-0008
 6.590E-0001, 9.46059E-0008
 6.580E-0001, 9.15541E-0008
 6.570E-0001, 8.54505E-0008
 6.560E-0001, 8.85023E-0008
 6.550E-0001, 8.54505E-0008
 6.540E-0001, 9.15541E-0008
 6.530E-0001, 9.15541E-0008
 6.520E-0001, 9.46059E-0008
 6.510E-0001, 9.76577E-0008
 6.500E-0001, 9.76577E-0008
 6.490E-0001, 1.00709E-0007
 6.480E-0001, 1.00709E-0007
 6.470E-0001, 9.76577E-0008
 6.460E-0001, 1.00709E-0007
 6.450E-0001, 1.00709E-0007
 6.440E-0001, 9.46059E-0008
 6.430E-0001, 9.76577E-0008
 6.420E-0001, 1.03761E-0007
 6.410E-0001, 1.03761E-0007
 6.400E-0001, 1.00709E-0007
 6.390E-0001, 1.03761E-0007
 6.380E-0001, 9.76577E-0008
 6.370E-0001, 1.03761E-0007
 6.360E-0001, 1.03761E-0007
 6.350E-0001, 1.06813E-0007
 6.340E-0001, 1.06813E-0007
 6.330E-0001, 1.06813E-0007
 6.320E-0001, 1.06813E-0007
 6.310E-0001, 1.03761E-0007
 6.300E-0001, 1.00709E-0007
 6.290E-0001, 1.09864E-0007
 6.280E-0001, 1.06813E-0007
 6.270E-0001, 1.09864E-0007
 6.260E-0001, 1.03761E-0007
 6.250E-0001, 1.03761E-0007
 6.240E-0001, 1.06813E-0007
 6.230E-0001, 1.06813E-0007
 6.220E-0001, 1.09864E-0007
 6.210E-0001, 1.12916E-0007
 6.200E-0001, 1.15968E-0007
 6.190E-0001, 1.15968E-0007
 6.180E-0001, 1.15968E-0007
 6.170E-0001, 1.15968E-0007
 6.160E-0001, 1.19020E-0007
 6.150E-0001, 1.19020E-0007
 6.140E-0001, 1.19020E-0007
 6.130E-0001, 1.15968E-0007
 6.120E-0001, 1.19020E-0007
 6.110E-0001, 1.12916E-0007
 6.100E-0001, 1.15968E-0007
 6.090E-0001, 1.19020E-0007
 6.080E-0001, 1.19020E-0007
 6.070E-0001, 1.19020E-0007
 6.060E-0001, 1.22072E-0007
 6.050E-0001, 1.22072E-0007
 6.040E-0001, 1.19020E-0007
 6.030E-0001, 1.22072E-0007
 6.020E-0001, 1.19020E-0007
 6.010E-0001, 1.22072E-0007
 6.000E-0001, 1.25123E-0007
 5.990E-0001, 1.22072E-0007
 5.980E-0001, 1.15968E-0007
 5.970E-0001, 1.22072E-0007
 5.960E-0001, 1.22072E-0007
 5.950E-0001, 1.28175E-0007
 5.940E-0001, 1.25123E-0007
 5.930E-0001, 1.31227E-0007
 5.920E-0001, 1.25123E-0007
 5.910E-0001, 1.25123E-0007
 5.900E-0001, 1.25123E-0007
 5.890E-0001, 1.25123E-0007
 5.880E-0001, 1.25123E-0007
 5.870E-0001, 1.28175E-0007
 5.860E-0001, 1.25123E-0007
 5.850E-0001, 1.31227E-0007
 5.840E-0001, 1.28175E-0007
 5.830E-0001, 1.31227E-0007
 5.820E-0001, 1.28175E-0007
 5.810E-0001, 1.31227E-0007
 5.800E-0001, 1.31227E-0007
 5.790E-0001, 1.31227E-0007
 5.780E-0001, 1.34279E-0007
 5.770E-0001, 1.34279E-0007
 5.760E-0001, 1.34279E-0007
 5.750E-0001, 1.37331E-0007
 5.740E-0001, 1.34279E-0007
 5.730E-0001, 1.31227E-0007
 5.720E-0001, 1.31227E-0007
 5.710E-0001, 1.34279E-0007
 5.700E-0001, 1.34279E-0007
 5.690E-0001, 1.28175E-0007
 5.680E-0001, 1.37331E-0007
 5.670E-0001, 1.37331E-0007
 5.660E-0001, 1.37331E-0007
 5.650E-0001, 1.34279E-0007
 5.640E-0001, 1.37331E-0007
 5.630E-0001, 1.43434E-0007
 5.620E-0001, 1.40383E-0007
 5.610E-0001, 1.40383E-0007
 5.600E-0001, 1.43434E-0007
 5.590E-0001, 1.40383E-0007
 5.580E-0001, 1.37331E-0007
 5.570E-0001, 1.34279E-0007
 5.560E-0001, 1.40383E-0007
 5.550E-0001, 1.40383E-0007
 5.540E-0001, 1.43434E-0007
 5.530E-0001, 1.37331E-0007
 5.520E-0001, 1.40383E-0007
 5.510E-0001, 1.37331E-0007
 5.500E-0001, 1.43434E-0007
 5.490E-0001, 1.40383E-0007
 5.480E-0001, 1.40383E-0007
 5.470E-0001, 1.40383E-0007
 5.460E-0001, 1.46486E-0007
 5.450E-0001, 1.46486E-0007
 5.440E-0001, 1.46486E-0007
 5.430E-0001, 1.52590E-0007
 5.420E-0001, 1.46486E-0007
 5.410E-0001, 1.49538E-0007
 5.400E-0001, 1.46486E-0007
 5.390E-0001, 1.40383E-0007
 5.380E-0001, 1.49538E-0007
 5.370E-0001, 1.49538E-0007
 5.360E-0001, 1.52590E-0007
 5.350E-0001, 1.52590E-0007
 5.340E-0001, 1.49538E-0007
 5.330E-0001, 1.49538E-0007
 5.320E-0001, 1.46486E-0007
 5.310E-0001, 1.58693E-0007
 5.300E-0001, 1.49538E-0007
 5.290E-0001, 1.52590E-0007
 5.280E-0001, 1.58693E-0007
 5.270E-0001, 1.52590E-0007
 5.260E-0001, 1.55642E-0007
 5.250E-0001, 1.55642E-0007
 5.240E-0001, 1.52590E-0007
 5.230E-0001, 1.49538E-0007
 5.220E-0001, 1.55642E-0007
 5.210E-0001, 1.52590E-0007
 5.200E-0001, 1.58693E-0007
 5.190E-0001, 1.58693E-0007
 5.180E-0001, 1.52590E-0007
 5.170E-0001, 1.52590E-0007
 5.160E-0001, 1.55642E-0007
 5.150E-0001, 1.58693E-0007
 5.140E-0001, 1.58693E-0007
 5.130E-0001, 1.55642E-0007
 5.120E-0001, 1.58693E-0007
 5.110E-0001, 1.52590E-0007
 5.100E-0001, 1.58693E-0007
 5.090E-0001, 1.58693E-0007
 5.080E-0001, 1.61745E-0007
 5.070E-0001, 1.55642E-0007
 5.060E-0001, 1.64797E-0007
 5.050E-0001, 1.61745E-0007
 5.040E-0001, 1.61745E-0007
 5.030E-0001, 1.58693E-0007
 5.020E-0001, 1.64797E-0007
 5.010E-0001, 1.61745E-0007
 5.000E-0001, 1.61745E-0007
 4.990E-0001, 1.58693E-0007
 4.980E-0001, 1.67849E-0007
 4.970E-0001, 1.67849E-0007
 4.960E-0001, 1.67849E-0007
 4.950E-0001, 1.64797E-0007
 4.940E-0001, 1.64797E-0007
 4.930E-0001, 1.67849E-0007
 4.920E-0001, 1.67849E-0007
 4.910E-0001, 1.73952E-0007
 4.900E-0001, 1.70901E-0007
 4.890E-0001, 1.67849E-0007
 4.880E-0001, 1.67849E-0007
 4.870E-0001, 1.67849E-0007
 4.860E-0001, 1.70901E-0007
 4.850E-0001, 1.77004E-0007
 4.840E-0001, 1.77004E-0007
 4.830E-0001, 1.73952E-0007
 4.820E-0001, 1.77004E-0007
 4.810E-0001, 1.77004E-0007
 4.800E-0001, 1.73952E-0007
 4.790E-0001, 1.80056E-0007
 4.780E-0001, 1.80056E-0007
 4.770E-0001, 1.80056E-0007
 4.760E-0001, 1.86160E-0007
 4.750E-0001, 1.77004E-0007
 4.740E-0001, 1.80056E-0007
 4.730E-0001, 1.80056E-0007
 4.720E-0001, 1.86160E-0007
 4.710E-0001, 1.83108E-0007
 4.700E-0001, 1.80056E-0007
 4.690E-0001, 1.89211E-0007
 4.680E-0001, 1.92263E-0007
 4.670E-0001, 1.92263E-0007
 4.660E-0001, 1.89211E-0007
 4.650E-0001, 1.95315E-0007
 4.640E-0001, 1.95315E-0007
 4.630E-0001, 1.98367E-0007
 4.620E-0001, 1.98367E-0007
 4.610E-0001, 1.98367E-0007
 4.600E-0001, 2.01419E-0007
 4.590E-0001, 2.01419E-0007
 4.580E-0001, 1.98367E-0007
 4.570E-0001, 1.98367E-0007
 4.560E-0001, 2.10574E-0007
 4.550E-0001, 2.13626E-0007
 4.540E-0001, 2.13626E-0007
 4.530E-0001, 2.10574E-0007
 4.520E-0001, 2.22781E-0007
 4.510E-0001, 2.16678E-0007
 4.500E-0001, 2.16678E-0007
 4.490E-0001, 2.25833E-0007
 4.480E-0001, 2.22781E-0007
 4.470E-0001, 2.31937E-0007
 4.460E-0001, 2.31937E-0007
 4.450E-0001, 2.41092E-0007
 4.440E-0001, 2.38040E-0007
 4.430E-0001, 2.38040E-0007
 4.420E-0001, 2.47196E-0007
 4.410E-0001, 2.47196E-0007
 4.400E-0001, 2.50247E-0007
 4.390E-0001, 2.56351E-0007
 4.380E-0001, 2.56351E-0007
 4.370E-0001, 2.56351E-0007
 4.360E-0001, 2.62455E-0007
 4.350E-0001, 2.71610E-0007
 4.340E-0001, 2.74662E-0007
 4.330E-0001, 2.80766E-0007
 4.320E-0001, 2.80766E-0007
 4.310E-0001, 2.89921E-0007
 4.300E-0001, 2.92973E-0007
 4.290E-0001, 3.05180E-0007
 4.280E-0001, 3.05180E-0007
 4.270E-0001, 3.08232E-0007
 4.260E-0001, 3.14335E-0007
 4.250E-0001, 3.17387E-0007
 4.240E-0001, 3.23491E-0007
 4.230E-0001, 3.35698E-0007
 4.220E-0001, 3.35698E-0007
 4.210E-0001, 3.44853E-0007
 4.200E-0001, 3.47905E-0007
 4.190E-0001, 3.50957E-0007
 4.180E-0001, 3.60112E-0007
 4.170E-0001, 3.66216E-0007
 4.160E-0001, 3.75371E-0007
 4.150E-0001, 3.87579E-0007
 4.140E-0001, 3.99786E-0007
 4.130E-0001, 4.02838E-0007
 4.120E-0001, 4.11993E-0007
 4.110E-0001, 4.27252E-0007
 4.100E-0001, 4.36408E-0007
 4.090E-0001, 4.45563E-0007
 4.080E-0001, 4.51667E-0007
 4.070E-0001, 4.66926E-0007
 4.060E-0001, 4.69977E-0007
 4.050E-0001, 4.88288E-0007
 4.040E-0001, 5.00495E-0007
 4.030E-0001, 5.06599E-0007
 4.020E-0001, 5.18806E-0007
 4.010E-0001, 5.31013E-0007
 4.000E-0001, 5.43221E-0007
 3.990E-0001, 5.52376E-0007
 3.980E-0001, 5.70687E-0007
 3.970E-0001, 5.88998E-0007
 3.960E-0001, 6.07309E-0007
 3.950E-0001, 6.19516E-0007
 3.940E-0001, 6.31723E-0007
 3.930E-0001, 6.50034E-0007
 3.920E-0001, 6.65293E-0007
 3.910E-0001, 6.83604E-0007
 3.900E-0001, 7.04966E-0007
 3.890E-0001, 7.20225E-0007
 3.880E-0001, 7.41588E-0007
 3.870E-0001, 7.62951E-0007
 3.860E-0001, 7.81261E-0007
 3.850E-0001, 8.02624E-0007
 3.840E-0001, 8.17883E-0007
 3.830E-0001, 8.48401E-0007
 3.820E-0001, 8.69764E-0007
 3.810E-0001, 8.91126E-0007
 3.800E-0001, 9.15541E-0007
 3.790E-0001, 9.43007E-0007
 3.780E-0001, 9.73525E-0007
 3.770E-0001, 9.94888E-0007
 3.760E-0001, 1.03150E-0006
 3.750E-0001, 1.05592E-0006
 3.740E-0001, 1.08033E-0006
 3.730E-0001, 1.12001E-0006
 3.720E-0001, 1.15358E-0006
 3.710E-0001, 1.18410E-0006
 3.700E-0001, 1.22072E-0006
 3.690E-0001, 1.25123E-0006
 3.680E-0001, 1.28786E-0006
 3.670E-0001, 1.32143E-0006
 3.660E-0001, 1.36415E-0006
 3.650E-0001, 1.40383E-0006
 3.640E-0001, 1.43739E-0006
 3.630E-0001, 1.48012E-0006
 3.620E-0001, 1.52285E-0006
 3.610E-0001, 1.56557E-0006
 3.600E-0001, 1.61135E-0006
 3.590E-0001, 1.66018E-0006
 3.580E-0001, 1.70290E-0006
 3.570E-0001, 1.75173E-0006
 3.560E-0001, 1.79446E-0006
 3.550E-0001, 1.84939E-0006
 3.540E-0001, 1.90127E-0006
 3.530E-0001, 1.95925E-0006
 3.520E-0001, 2.01419E-0006
 3.510E-0001, 2.06607E-0006
 3.500E-0001, 2.12405E-0006
 3.490E-0001, 2.17898E-0006
 3.480E-0001, 2.24307E-0006
 3.470E-0001, 2.30411E-0006
 3.460E-0001, 2.36514E-0006
 3.450E-0001, 2.43228E-0006
 3.440E-0001, 2.49942E-0006
 3.430E-0001, 2.56656E-0006
 3.420E-0001, 2.63675E-0006
 3.410E-0001, 2.70695E-0006
 3.400E-0001, 2.78324E-0006
 3.390E-0001, 2.84428E-0006
 3.380E-0001, 2.92057E-0006
 3.370E-0001, 3.00602E-0006
 3.360E-0001, 3.07621E-0006
 3.350E-0001, 3.15556E-0006
 3.340E-0001, 3.23186E-0006
 3.330E-0001, 3.31425E-0006
 3.320E-0001, 3.39971E-0006
 3.310E-0001, 3.48516E-0006
 3.300E-0001, 3.57061E-0006
 3.290E-0001, 3.65300E-0006
 3.280E-0001, 3.74151E-0006
 3.270E-0001, 3.83306E-0006
 3.260E-0001, 3.93072E-0006
 3.250E-0001, 4.01922E-0006
 3.240E-0001, 4.11688E-0006
 3.230E-0001, 4.21454E-0006
 3.220E-0001, 4.31219E-0006
 3.210E-0001, 4.40680E-0006
 3.200E-0001, 4.51056E-0006
 3.190E-0001, 4.60517E-0006
 3.180E-0001, 4.69977E-0006
 3.170E-0001, 4.80659E-0006
 3.160E-0001, 4.91035E-0006
 3.150E-0001, 5.01716E-0006
 3.140E-0001, 5.12397E-0006
 3.130E-0001, 5.22774E-0006
 3.120E-0001, 5.33760E-0006
 3.110E-0001, 5.44441E-0006
 3.100E-0001, 5.54512E-0006
 3.090E-0001, 5.65804E-0006
 3.080E-0001, 5.76485E-0006
 3.070E-0001, 5.86861E-0006
 3.060E-0001, 5.99069E-0006
 3.050E-0001, 6.10055E-0006
 3.040E-0001, 6.21042E-0006
 3.030E-0001, 6.32333E-0006
 3.020E-0001, 6.43015E-0006
 3.010E-0001, 6.54612E-0006
 3.000E-0001, 6.65598E-0006
 2.990E-0001, 6.77195E-0006
 2.980E-0001, 6.88181E-0006
 2.970E-0001, 6.98863E-0006
 2.960E-0001, 7.10154E-0006
 2.950E-0001, 7.21446E-0006
 2.940E-0001, 7.31822E-0006
 2.930E-0001, 7.43114E-0006
 2.920E-0001, 7.54100E-0006
 2.910E-0001, 7.65087E-0006
 2.900E-0001, 7.75768E-0006
 2.890E-0001, 7.86449E-0006
 2.880E-0001, 7.96826E-0006
 2.870E-0001, 8.08117E-0006
 2.860E-0001, 8.18188E-0006
 2.850E-0001, 8.27649E-0006
 2.840E-0001, 8.38025E-0006
 2.830E-0001, 8.49011E-0006
 2.820E-0001, 8.58472E-0006
 2.810E-0001, 8.69153E-0006
 2.800E-0001, 8.79224E-0006
 2.790E-0001, 8.88075E-0006
 2.780E-0001, 8.98146E-0006
 2.770E-0001, 9.07301E-0006
 2.760E-0001, 9.16762E-0006
 2.750E-0001, 9.25612E-0006
 2.740E-0001, 9.34462E-0006
 2.730E-0001, 9.42702E-0006
 2.720E-0001, 9.51857E-0006
 2.710E-0001, 9.60097E-0006
 2.700E-0001, 9.68032E-0006
 2.690E-0001, 9.75967E-0006
 2.680E-0001, 9.83901E-0006
 2.670E-0001, 9.91531E-0006
 2.660E-0001, 9.99160E-0006
 2.650E-0001, 1.00648E-0005
 2.640E-0001, 1.01319E-0005
 2.630E-0001, 1.01991E-0005
 2.620E-0001, 1.02662E-0005
 2.610E-0001, 1.03273E-0005
 2.600E-0001, 1.03913E-0005
 2.590E-0001, 1.04554E-0005
 2.580E-0001, 1.05073E-0005
 2.570E-0001, 1.05653E-0005
 2.560E-0001, 1.06172E-0005
 2.550E-0001, 1.06721E-0005
 2.540E-0001, 1.07301E-0005
 2.530E-0001, 1.07759E-0005
 2.520E-0001, 1.08247E-0005
 2.510E-0001, 1.08735E-0005
 2.500E-0001, 1.09102E-0005
 2.490E-0001, 1.09498E-0005
 2.480E-0001, 1.09925E-0005
 2.470E-0001, 1.10261E-0005
 2.460E-0001, 1.10597E-0005
 2.450E-0001, 1.10994E-0005
 2.440E-0001, 1.11299E-0005
 2.430E-0001, 1.11635E-0005
 2.420E-0001, 1.11909E-0005
 2.410E-0001, 1.12123E-0005
 2.400E-0001, 1.12458E-0005
 2.390E-0001, 1.12672E-0005
 2.380E-0001, 1.12825E-0005
 2.370E-0001, 1.13038E-0005
 2.360E-0001, 1.13221E-0005
 2.350E-0001, 1.13344E-0005
 2.340E-0001, 1.13496E-0005
 2.330E-0001, 1.13618E-0005
 2.320E-0001, 1.13801E-0005
 2.310E-0001, 1.13954E-0005
 2.300E-0001, 1.14045E-0005
 2.290E-0001, 1.14137E-0005
 2.280E-0001, 1.14259E-0005
 2.270E-0001, 1.14320E-0005
 2.260E-0001, 1.14412E-0005
 2.250E-0001, 1.14381E-0005
 2.240E-0001, 1.14442E-0005
 2.230E-0001, 1.14503E-0005
 2.220E-0001, 1.14564E-0005
 2.210E-0001, 1.14564E-0005
 2.200E-0001, 1.14534E-0005
 2.190E-0001, 1.14534E-0005
 2.180E-0001, 1.14595E-0005
 2.170E-0001, 1.14534E-0005
 2.160E-0001, 1.14503E-0005
 2.150E-0001, 1.14412E-0005
 2.140E-0001, 1.14320E-0005
 2.130E-0001, 1.14320E-0005
 2.120E-0001, 1.14168E-0005
 2.110E-0001, 1.14168E-0005
 2.100E-0001, 1.14015E-0005
 2.090E-0001, 1.13954E-0005
 2.080E-0001, 1.13893E-0005
 2.070E-0001, 1.13862E-0005
 2.060E-0001, 1.13710E-0005
 2.050E-0001, 1.13679E-0005
 2.040E-0001, 1.13649E-0005
 2.030E-0001, 1.13588E-0005
 2.020E-0001, 1.13466E-0005
 2.010E-0001, 1.13374E-0005
 2.000E-0001, 1.13282E-0005
 1.990E-0001, 1.13130E-0005
 1.980E-0001, 1.13008E-0005
 1.970E-0001, 1.12886E-0005
 1.960E-0001, 1.12855E-0005
 1.950E-0001, 1.12703E-0005
 1.940E-0001, 1.12550E-0005
 1.930E-0001, 1.12397E-0005
 1.920E-0001, 1.12306E-0005
 1.910E-0001, 1.12092E-0005
 1.900E-0001, 1.11909E-0005
 1.890E-0001, 1.11818E-0005
 1.880E-0001, 1.11635E-0005
 1.870E-0001, 1.11573E-0005
 1.860E-0001, 1.11360E-0005
 1.850E-0001, 1.11238E-0005
 1.840E-0001, 1.11116E-0005
 1.830E-0001, 1.10994E-0005
 1.820E-0001, 1.10902E-0005
 1.810E-0001, 1.10841E-0005
 1.800E-0001, 1.10749E-0005
 1.790E-0001, 1.10566E-0005
 1.780E-0001, 1.10505E-0005
 1.770E-0001, 1.10353E-0005
 1.760E-0001, 1.10200E-0005
 1.750E-0001, 1.10139E-0005
 1.740E-0001, 1.09987E-0005
 1.730E-0001, 1.09773E-0005
 1.720E-0001, 1.09742E-0005
 1.710E-0001, 1.09620E-0005
 1.700E-0001, 1.09498E-0005
 1.690E-0001, 1.09346E-0005
 1.680E-0001, 1.09224E-0005
 1.670E-0001, 1.09071E-0005
 1.660E-0001, 1.08918E-0005
 1.650E-0001, 1.08735E-0005
 1.640E-0001, 1.08583E-0005
 1.630E-0001, 1.08522E-0005
 1.620E-0001, 1.08339E-0005
 1.610E-0001, 1.08247E-0005
 1.600E-0001, 1.08186E-0005
 1.590E-0001, 1.08003E-0005
 1.580E-0001, 1.08003E-0005
 1.570E-0001, 1.08003E-0005
 1.560E-0001, 1.07911E-0005
 1.550E-0001, 1.07759E-0005
 1.540E-0001, 1.07698E-0005
 1.530E-0001, 1.07667E-0005
 1.520E-0001, 1.07515E-0005
 1.510E-0001, 1.07454E-0005
 1.500E-0001, 1.07331E-0005
 1.490E-0001, 1.07301E-0005
 1.480E-0001, 1.07148E-0005
 1.470E-0001, 1.07118E-0005
 1.460E-0001, 1.07057E-0005
 1.450E-0001, 1.06935E-0005
 1.440E-0001, 1.06782E-0005
 1.430E-0001, 1.06752E-0005
 1.420E-0001, 1.06630E-0005
 1.410E-0001, 1.06477E-0005
 1.400E-0001, 1.06385E-0005
 1.390E-0001, 1.06294E-0005
 1.380E-0001, 1.06141E-0005
 1.370E-0001, 1.06080E-0005
 1.360E-0001, 1.06019E-0005
 1.350E-0001, 1.06019E-0005
 1.340E-0001, 1.05989E-0005
 1.330E-0001, 1.05989E-0005
 1.320E-0001, 1.05867E-0005
 1.310E-0001, 1.05806E-0005
 1.300E-0001, 1.05745E-0005
 1.290E-0001, 1.05745E-0005
 1.280E-0001, 1.05653E-0005
 1.270E-0001, 1.05622E-0005
 1.260E-0001, 1.05592E-0005
 1.250E-0001, 1.05470E-0005
 1.240E-0001, 1.05470E-0005
 1.230E-0001, 1.05439E-0005
 1.220E-0001, 1.05378E-0005
 1.210E-0001, 1.05317E-0005
 1.200E-0001, 1.05226E-0005
 1.190E-0001, 1.05073E-0005
 1.180E-0001, 1.05012E-0005
 1.170E-0001, 1.04890E-0005
 1.160E-0001, 1.04829E-0005
 1.150E-0001, 1.04798E-0005
 1.140E-0001, 1.04707E-0005
 1.130E-0001, 1.04707E-0005
 1.120E-0001, 1.04676E-0005
 1.110E-0001, 1.04737E-0005
 1.100E-0001, 1.04768E-0005
 1.090E-0001, 1.04707E-0005
 1.080E-0001, 1.04676E-0005
 1.070E-0001, 1.04707E-0005
 1.060E-0001, 1.04676E-0005
 1.050E-0001, 1.04585E-0005
 1.040E-0001, 1.04585E-0005
 1.030E-0001, 1.04585E-0005
 1.020E-0001, 1.04646E-0005
 1.010E-0001, 1.04585E-0005
 1.000E-0001, 1.04646E-0005
 9.900E-0002, 1.04554E-0005
 9.800E-0002, 1.04585E-0005
 9.700E-0002, 1.04493E-0005
 9.600E-0002, 1.04402E-0005
 9.500E-0002, 1.04402E-0005
 9.400E-0002, 1.04249E-0005
 9.300E-0002, 1.04188E-0005
 9.200E-0002, 1.04097E-0005
 9.100E-0002, 1.04097E-0005
 9.000E-0002, 1.04036E-0005
 8.900E-0002, 1.04066E-0005
 8.800E-0002, 1.04036E-0005
 8.700E-0002, 1.04066E-0005
 8.600E-0002, 1.04066E-0005
 8.500E-0002, 1.04158E-0005
 8.400E-0002, 1.04158E-0005
 8.300E-0002, 1.04219E-0005
 8.200E-0002, 1.04158E-0005
 8.100E-0002, 1.04280E-0005
 8.000E-0002, 1.04219E-0005
 7.900E-0002, 1.04280E-0005
 7.800E-0002, 1.04188E-0005
 7.700E-0002, 1.04219E-0005
 7.600E-0002, 1.04219E-0005
 7.500E-0002, 1.04280E-0005
 7.400E-0002, 1.04249E-0005
 7.300E-0002, 1.04219E-0005
 7.200E-0002, 1.04188E-0005
 7.100E-0002, 1.04158E-0005
 7.000E-0002, 1.04066E-0005
 6.900E-0002, 1.04066E-0005
 6.800E-0002, 1.03944E-0005
 6.700E-0002, 1.03974E-0005
 6.600E-0002, 1.03944E-0005
 6.500E-0002, 1.03944E-0005
 6.400E-0002, 1.04036E-0005
 6.300E-0002, 1.04066E-0005
 6.200E-0002, 1.04097E-0005
 6.100E-0002, 1.04188E-0005
 6.000E-0002, 1.04158E-0005
 5.900E-0002, 1.04158E-0005
 5.800E-0002, 1.04219E-0005
 5.700E-0002, 1.04188E-0005
 5.600E-0002, 1.04219E-0005
 5.500E-0002, 1.04280E-0005
 5.400E-0002, 1.04280E-0005
 5.300E-0002, 1.04249E-0005
 5.200E-0002, 1.04249E-0005
 5.100E-0002, 1.04249E-0005
 5.000E-0002, 1.04341E-0005
 4.900E-0002, 1.04280E-0005
 4.800E-0002, 1.04280E-0005
 4.700E-0002, 1.04219E-0005
 4.600E-0002, 1.04127E-0005
 4.500E-0002, 1.04127E-0005
 4.400E-0002, 1.04066E-0005
 4.300E-0002, 1.04005E-0005
 4.200E-0002, 1.04036E-0005
 4.100E-0002, 1.04036E-0005
 4.000E-0002, 1.04066E-0005
 3.900E-0002, 1.04188E-0005
 3.800E-0002, 1.04249E-0005
 3.700E-0002, 1.04249E-0005
 3.600E-0002, 1.04341E-0005
 3.500E-0002, 1.04341E-0005
 3.400E-0002, 1.04371E-0005
 3.300E-0002, 1.04371E-0005
 3.200E-0002, 1.04402E-0005
 3.100E-0002, 1.04402E-0005
 3.000E-0002, 1.04402E-0005
 2.900E-0002, 1.04463E-0005
 2.800E-0002, 1.04432E-0005
 2.700E-0002, 1.04524E-0005
 2.600E-0002, 1.04524E-0005
 2.500E-0002, 1.04585E-0005
 2.400E-0002, 1.04493E-0005
 2.300E-0002, 1.04463E-0005
 2.200E-0002, 1.04432E-0005
 2.100E-0002, 1.04402E-0005
 2.000E-0002, 1.04371E-0005
 1.900E-0002, 1.04341E-0005
 1.800E-0002, 1.04249E-0005
 1.700E-0002, 1.04371E-0005
 1.600E-0002, 1.04402E-0005
 1.500E-0002, 1.04493E-0005
 1.400E-0002, 1.04554E-0005
 1.300E-0002, 1.04646E-0005
 1.200E-0002, 1.04676E-0005
 1.100E-0002, 1.04707E-0005
 1.000E-0002, 1.04768E-0005
 9.000E-0003, 1.04737E-0005
 8.000E-0003, 1.04768E-0005
 7.000E-0003, 1.04798E-0005
 6.000E-0003, 1.04921E-0005
 5.000E-0003, 1.04921E-0005
 4.000E-0003, 1.04982E-0005
 3.000E-0003, 1.05012E-0005
 2.000E-0003, 1.05012E-0005
 1.000E-0003, 1.05012E-0005
 0.000E+0000, 1.04982E-0005
-1.000E-0003, 1.04921E-0005
-2.000E-0003, 1.04859E-0005
-3.000E-0003, 1.04768E-0005
-4.000E-0003, 1.04798E-0005
-5.000E-0003, 1.04798E-0005
-6.000E-0003, 1.04829E-0005
-7.000E-0003, 1.04798E-0005
-8.000E-0003, 1.04951E-0005
-9.000E-0003, 1.05043E-0005
-1.000E-0002, 1.05073E-0005
-1.100E-0002, 1.05195E-0005
-1.200E-0002, 1.05195E-0005
-1.300E-0002, 1.05256E-0005
-1.400E-0002, 1.05256E-0005
-1.500E-0002, 1.05287E-0005
-1.600E-0002, 1.05348E-0005
-1.700E-0002, 1.05378E-0005
-1.800E-0002, 1.05500E-0005
-1.900E-0002, 1.05470E-0005
-2.000E-0002, 1.05561E-0005
-2.100E-0002, 1.05653E-0005
-2.200E-0002, 1.05653E-0005
-2.300E-0002, 1.05622E-0005
-2.400E-0002, 1.05653E-0005
-2.500E-0002, 1.05561E-0005
-2.600E-0002, 1.05592E-0005
-2.700E-0002, 1.05561E-0005
-2.800E-0002, 1.05531E-0005
-2.900E-0002, 1.05561E-0005
-3.000E-0002, 1.05592E-0005
-3.100E-0002, 1.05622E-0005
-3.200E-0002, 1.05745E-0005
-3.300E-0002, 1.05836E-0005
-3.400E-0002, 1.05928E-0005
-3.500E-0002, 1.06019E-0005
-3.600E-0002, 1.06111E-0005
-3.700E-0002, 1.06202E-0005
-3.800E-0002, 1.06263E-0005
-3.900E-0002, 1.06294E-0005
-4.000E-0002, 1.06324E-0005
-4.100E-0002, 1.06385E-0005
-4.200E-0002, 1.06416E-0005
-4.300E-0002, 1.06538E-0005
-4.400E-0002, 1.06569E-0005
-4.500E-0002, 1.06630E-0005
-4.600E-0002, 1.06721E-0005
-4.700E-0002, 1.06752E-0005
-4.800E-0002, 1.06691E-0005
-4.900E-0002, 1.06660E-0005
-5.000E-0002, 1.06599E-0005
-5.100E-0002, 1.06630E-0005
-5.200E-0002, 1.06630E-0005
-5.300E-0002, 1.06630E-0005
-5.400E-0002, 1.06660E-0005
-5.500E-0002, 1.06721E-0005
-5.600E-0002, 1.06843E-0005
-5.700E-0002, 1.06996E-0005
-5.800E-0002, 1.07026E-0005
-5.900E-0002, 1.07087E-0005
-6.000E-0002, 1.07179E-0005
-6.100E-0002, 1.07240E-0005
-6.200E-0002, 1.07331E-0005
-6.300E-0002, 1.07423E-0005
-6.400E-0002, 1.07484E-0005
-6.500E-0002, 1.07545E-0005
-6.600E-0002, 1.07606E-0005
-6.700E-0002, 1.07637E-0005
-6.800E-0002, 1.07759E-0005
-6.900E-0002, 1.07820E-0005
-7.000E-0002, 1.07850E-0005
-7.100E-0002, 1.07911E-0005
-7.200E-0002, 1.07850E-0005
-7.300E-0002, 1.07820E-0005
-7.400E-0002, 1.07820E-0005
-7.500E-0002, 1.07850E-0005
-7.600E-0002, 1.07820E-0005
-7.700E-0002, 1.07942E-0005
-7.800E-0002, 1.07942E-0005
-7.900E-0002, 1.07972E-0005
-8.000E-0002, 1.08064E-0005
-8.100E-0002, 1.08247E-0005
-8.200E-0002, 1.08308E-0005
-8.300E-0002, 1.08522E-0005
-8.400E-0002, 1.08461E-0005
-8.500E-0002, 1.08583E-0005
-8.600E-0002, 1.08674E-0005
-8.700E-0002, 1.08766E-0005
-8.800E-0002, 1.08796E-0005
-8.900E-0002, 1.08949E-0005
-9.000E-0002, 1.09010E-0005
-9.100E-0002, 1.09071E-0005
-9.200E-0002, 1.09163E-0005
-9.300E-0002, 1.09285E-0005
-9.400E-0002, 1.09254E-0005
-9.500E-0002, 1.09346E-0005
-9.600E-0002, 1.09315E-0005
-9.700E-0002, 1.09376E-0005
-9.800E-0002, 1.09315E-0005
-9.900E-0002, 1.09315E-0005
-1.000E-0001, 1.09407E-0005
-1.010E-0001, 1.09437E-0005
-1.020E-0001, 1.09407E-0005
-1.030E-0001, 1.09590E-0005
-1.040E-0001, 1.09559E-0005
-1.050E-0001, 1.09712E-0005
-1.060E-0001, 1.09864E-0005
-1.070E-0001, 1.09956E-0005
-1.080E-0001, 1.10139E-0005
-1.090E-0001, 1.10261E-0005
-1.100E-0001, 1.10383E-0005
-1.110E-0001, 1.10353E-0005
-1.120E-0001, 1.10444E-0005
-1.130E-0001, 1.10597E-0005
-1.140E-0001, 1.10658E-0005
-1.150E-0001, 1.10780E-0005
-1.160E-0001, 1.10902E-0005
-1.170E-0001, 1.10994E-0005
-1.180E-0001, 1.11055E-0005
-1.190E-0001, 1.11116E-0005
-1.200E-0001, 1.11116E-0005
-1.190E-0001, 1.11024E-0005
-1.180E-0001, 1.10902E-0005
-1.170E-0001, 1.10749E-0005
-1.160E-0001, 1.10566E-0005
-1.150E-0001, 1.10353E-0005
-1.140E-0001, 1.10078E-0005
-1.130E-0001, 1.09803E-0005
-1.120E-0001, 1.09559E-0005
-1.110E-0001, 1.09407E-0005
-1.100E-0001, 1.09254E-0005
-1.090E-0001, 1.09102E-0005
-1.080E-0001, 1.08979E-0005
-1.070E-0001, 1.08735E-0005
-1.060E-0001, 1.08583E-0005
-1.050E-0001, 1.08400E-0005
-1.040E-0001, 1.08247E-0005
-1.030E-0001, 1.08064E-0005
-1.020E-0001, 1.07881E-0005
-1.010E-0001, 1.07759E-0005
-1.000E-0001, 1.07576E-0005
-9.900E-0002, 1.07392E-0005
-9.800E-0002, 1.07270E-0005
-9.700E-0002, 1.07026E-0005
-9.600E-0002, 1.06843E-0005
-9.500E-0002, 1.06599E-0005
-9.400E-0002, 1.06416E-0005
-9.300E-0002, 1.06233E-0005
-9.200E-0002, 1.05989E-0005
-9.100E-0002, 1.05836E-0005
-9.000E-0002, 1.05622E-0005
-8.900E-0002, 1.05500E-0005
-8.800E-0002, 1.05409E-0005
-8.700E-0002, 1.05256E-0005
-8.600E-0002, 1.05226E-0005
-8.500E-0002, 1.05165E-0005
-8.400E-0002, 1.05104E-0005
-8.300E-0002, 1.04982E-0005
-8.200E-0002, 1.04829E-0005
-8.100E-0002, 1.04707E-0005
-8.000E-0002, 1.04615E-0005
-7.900E-0002, 1.04493E-0005
-7.800E-0002, 1.04341E-0005
-7.700E-0002, 1.04280E-0005
-7.600E-0002, 1.04158E-0005
-7.500E-0002, 1.04066E-0005
-7.400E-0002, 1.03913E-0005
-7.300E-0002, 1.03700E-0005
-7.200E-0002, 1.03547E-0005
-7.100E-0002, 1.03395E-0005
-7.000E-0002, 1.03120E-0005
-6.900E-0002, 1.02967E-0005
-6.800E-0002, 1.02784E-0005
-6.700E-0002, 1.02693E-0005
-6.600E-0002, 1.02540E-0005
-6.500E-0002, 1.02418E-0005
-6.400E-0002, 1.02327E-0005
-6.300E-0002, 1.02265E-0005
-6.200E-0002, 1.02174E-0005
-6.100E-0002, 1.02113E-0005
-6.000E-0002, 1.02082E-0005
-5.900E-0002, 1.01991E-0005
-5.800E-0002, 1.01930E-0005
-5.700E-0002, 1.01747E-0005
-5.600E-0002, 1.01716E-0005
-5.500E-0002, 1.01625E-0005
-5.400E-0002, 1.01472E-0005
-5.300E-0002, 1.01380E-0005
-5.200E-0002, 1.01319E-0005
-5.100E-0002, 1.01228E-0005
-5.000E-0002, 1.01136E-0005
-4.900E-0002, 1.00923E-0005
-4.800E-0002, 1.00770E-0005
-4.700E-0002, 1.00587E-0005
-4.600E-0002, 1.00434E-0005
-4.500E-0002, 1.00282E-0005
-4.400E-0002, 1.00160E-0005
-4.300E-0002, 9.99465E-0006
-4.200E-0002, 9.98550E-0006
-4.100E-0002, 9.96719E-0006
-4.000E-0002, 9.96414E-0006
-3.900E-0002, 9.95803E-0006
-3.800E-0002, 9.95193E-0006
-3.700E-0002, 9.94277E-0006
-3.600E-0002, 9.93972E-0006
-3.500E-0002, 9.92446E-0006
-3.400E-0002, 9.92141E-0006
-3.300E-0002, 9.91226E-0006
-3.200E-0002, 9.89700E-0006
-3.100E-0002, 9.89394E-0006
-3.000E-0002, 9.87869E-0006
-2.900E-0002, 9.87563E-0006
-2.800E-0002, 9.85732E-0006
-2.700E-0002, 9.85122E-0006
-2.600E-0002, 9.84206E-0006
-2.500E-0002, 9.82375E-0006
-2.400E-0002, 9.79934E-0006
-2.300E-0002, 9.78713E-0006
-2.200E-0002, 9.77492E-0006
-2.100E-0002, 9.75661E-0006
-2.000E-0002, 9.74746E-0006
-1.900E-0002, 9.72915E-0006
-1.800E-0002, 9.71694E-0006
-1.700E-0002, 9.71084E-0006
-1.600E-0002, 9.70778E-0006
-1.500E-0002, 9.69863E-0006
-1.400E-0002, 9.69863E-0006
-1.300E-0002, 9.69558E-0006
-1.200E-0002, 9.68642E-0006
-1.100E-0002, 9.68032E-0006
-1.000E-0002, 9.67727E-0006
-9.000E-0003, 9.65590E-0006
-8.000E-0003, 9.64980E-0006
-7.000E-0003, 9.64065E-0006
-6.000E-0003, 9.64370E-0006
-5.000E-0003, 9.63454E-0006
-4.000E-0003, 9.61928E-0006
-3.000E-0003, 9.61318E-0006
-2.000E-0003, 9.60708E-0006
-1.000E-0003, 9.59792E-0006
 0.000E+0000, 9.57961E-0006
 1.000E-0003, 9.56130E-0006
 2.000E-0003, 9.54604E-0006
 3.000E-0003, 9.53383E-0006
 4.000E-0003, 9.52162E-0006
 5.000E-0003, 9.50637E-0006
 6.000E-0003, 9.49416E-0006
 7.000E-0003, 9.48500E-0006
 8.000E-0003, 9.48805E-0006
 9.000E-0003, 9.47890E-0006
 1.000E-0002, 9.46974E-0006
 1.100E-0002, 9.46669E-0006
 1.200E-0002, 9.46059E-0006
 1.300E-0002, 9.45754E-0006
 1.400E-0002, 9.44533E-0006
 1.500E-0002, 9.43312E-0006
 1.600E-0002, 9.43312E-0006
 1.700E-0002, 9.42397E-0006
 1.800E-0002, 9.41176E-0006
 1.900E-0002, 9.40566E-0006
 2.000E-0002, 9.39955E-0006
 2.100E-0002, 9.38735E-0006
 2.200E-0002, 9.38124E-0006
 2.300E-0002, 9.37209E-0006
 2.400E-0002, 9.35378E-0006
 2.500E-0002, 9.33852E-0006
 2.600E-0002, 9.32021E-0006
 2.700E-0002, 9.31410E-0006
 2.800E-0002, 9.29884E-0006
 2.900E-0002, 9.28664E-0006
 3.000E-0002, 9.27138E-0006
 3.100E-0002, 9.26527E-0006
 3.200E-0002, 9.25612E-0006
 3.300E-0002, 9.25001E-0006
 3.400E-0002, 9.24696E-0006
 3.500E-0002, 9.24391E-0006
 3.600E-0002, 9.24086E-0006
 3.700E-0002, 9.23170E-0006
 3.800E-0002, 9.23170E-0006
 3.900E-0002, 9.21950E-0006
 4.000E-0002, 9.21644E-0006
 4.100E-0002, 9.20424E-0006
 4.200E-0002, 9.19508E-0006
 4.300E-0002, 9.18898E-0006
 4.400E-0002, 9.18593E-0006
 4.500E-0002, 9.17067E-0006
 4.600E-0002, 9.16762E-0006
 4.700E-0002, 9.14930E-0006
 4.800E-0002, 9.14015E-0006
 4.900E-0002, 9.11879E-0006
 5.000E-0002, 9.10963E-0006
 5.100E-0002, 9.09742E-0006
 5.200E-0002, 9.08522E-0006
 5.300E-0002, 9.06996E-0006
 5.400E-0002, 9.06080E-0006
 5.500E-0002, 9.04859E-0006
 5.600E-0002, 9.04249E-0006
 5.700E-0002, 9.03944E-0006
 5.800E-0002, 9.03944E-0006
 5.900E-0002, 9.02418E-0006
 6.000E-0002, 9.02418E-0006
 6.100E-0002, 9.02113E-0006
 6.200E-0002, 9.00892E-0006
 6.300E-0002, 9.00587E-0006
 6.400E-0002, 8.99366E-0006
 6.500E-0002, 8.98756E-0006
 6.600E-0002, 8.97840E-0006
 6.700E-0002, 8.96620E-0006
 6.800E-0002, 8.96620E-0006
 6.900E-0002, 8.95704E-0006
 7.000E-0002, 8.94483E-0006
 7.100E-0002, 8.93873E-0006
 7.200E-0002, 8.92347E-0006
 7.300E-0002, 8.90516E-0006
 7.400E-0002, 8.88990E-0006
 7.500E-0002, 8.88380E-0006
 7.600E-0002, 8.87159E-0006
 7.700E-0002, 8.85938E-0006
 7.800E-0002, 8.84718E-0006
 7.900E-0002, 8.83497E-0006
 8.000E-0002, 8.83192E-0006
 8.100E-0002, 8.82276E-0006
 8.200E-0002, 8.81971E-0006
 8.300E-0002, 8.81971E-0006
 8.400E-0002, 8.81055E-0006
 8.500E-0002, 8.80445E-0006
 8.600E-0002, 8.79835E-0006
 8.700E-0002, 8.79530E-0006
 8.800E-0002, 8.78919E-0006
 8.900E-0002, 8.78004E-0006
 9.000E-0002, 8.77393E-0006
 9.100E-0002, 8.76783E-0006
 9.200E-0002, 8.75867E-0006
 9.300E-0002, 8.74952E-0006
 9.400E-0002, 8.74647E-0006
 9.500E-0002, 8.73426E-0006
 9.600E-0002, 8.71900E-0006
 9.700E-0002, 8.70374E-0006
 9.800E-0002, 8.69153E-0006
 9.900E-0002, 8.68238E-0006
 1.000E-0001, 8.67322E-0006
 1.010E-0001, 8.66102E-0006
 1.020E-0001, 8.65796E-0006
 1.030E-0001, 8.64271E-0006
 1.040E-0001, 8.63660E-0006
 1.050E-0001, 8.63355E-0006
 1.060E-0001, 8.63050E-0006
 1.070E-0001, 8.62439E-0006
 1.080E-0001, 8.61219E-0006
 1.090E-0001, 8.62134E-0006
 1.100E-0001, 8.61524E-0006
 1.110E-0001, 8.60303E-0006
 1.120E-0001, 8.59998E-0006
 1.130E-0001, 8.59388E-0006
 1.140E-0001, 8.58472E-0006
 1.150E-0001, 8.57862E-0006
 1.160E-0001, 8.57251E-0006
 1.170E-0001, 8.56336E-0006
 1.180E-0001, 8.55420E-0006
 1.190E-0001, 8.55115E-0006
 1.200E-0001, 8.53284E-0006
 1.210E-0001, 8.52368E-0006
 1.220E-0001, 8.51453E-0006
 1.230E-0001, 8.50537E-0006
 1.240E-0001, 8.49317E-0006
 1.250E-0001, 8.48401E-0006
 1.260E-0001, 8.47486E-0006
 1.270E-0001, 8.46570E-0006
 1.280E-0001, 8.46265E-0006
 1.290E-0001, 8.45349E-0006
 1.300E-0001, 8.44739E-0006
 1.310E-0001, 8.45044E-0006
 1.320E-0001, 8.44739E-0006
 1.330E-0001, 8.43823E-0006
 1.340E-0001, 8.43213E-0006
 1.350E-0001, 8.43213E-0006
 1.360E-0001, 8.42298E-0006
 1.370E-0001, 8.41077E-0006
 1.380E-0001, 8.41077E-0006
 1.390E-0001, 8.40466E-0006
 1.400E-0001, 8.40161E-0006
 1.410E-0001, 8.39246E-0006
 1.420E-0001, 8.38941E-0006
 1.430E-0001, 8.37415E-0006
 1.440E-0001, 8.36499E-0006
 1.450E-0001, 8.35584E-0006
 1.460E-0001, 8.34058E-0006
 1.470E-0001, 8.33142E-0006
 1.480E-0001, 8.31616E-0006
 1.490E-0001, 8.31311E-0006
 1.500E-0001, 8.30395E-0006
 1.510E-0001, 8.28870E-0006
 1.520E-0001, 8.28564E-0006
 1.530E-0001, 8.28564E-0006
 1.540E-0001, 8.27954E-0006
 1.550E-0001, 8.27954E-0006
 1.560E-0001, 8.27038E-0006
 1.570E-0001, 8.26428E-0006
 1.580E-0001, 8.25513E-0006
 1.590E-0001, 8.24597E-0006
 1.600E-0001, 8.23682E-0006
 1.610E-0001, 8.23682E-0006
 1.620E-0001, 8.22766E-0006
 1.630E-0001, 8.21545E-0006
 1.640E-0001, 8.21240E-0006
 1.650E-0001, 8.20325E-0006
 1.660E-0001, 8.19104E-0006
 1.670E-0001, 8.17578E-0006
 1.680E-0001, 8.16357E-0006
 1.690E-0001, 8.14526E-0006
 1.700E-0001, 8.13611E-0006
 1.710E-0001, 8.12085E-0006
 1.720E-0001, 8.10864E-0006
 1.730E-0001, 8.08728E-0006
 1.740E-0001, 8.07507E-0006
 1.750E-0001, 8.06591E-0006
 1.760E-0001, 8.05676E-0006
 1.770E-0001, 8.04150E-0006
 1.780E-0001, 8.02929E-0006
 1.790E-0001, 8.02929E-0006
 1.800E-0001, 8.01098E-0006
 1.810E-0001, 7.99877E-0006
 1.820E-0001, 7.99267E-0006
 1.830E-0001, 7.97436E-0006
 1.840E-0001, 7.96215E-0006
 1.850E-0001, 7.94995E-0006
 1.860E-0001, 7.93774E-0006
 1.870E-0001, 7.91943E-0006
 1.880E-0001, 7.90417E-0006
 1.890E-0001, 7.87975E-0006
 1.900E-0001, 7.87365E-0006
 1.910E-0001, 7.84924E-0006
 1.920E-0001, 7.83398E-0006
 1.930E-0001, 7.80651E-0006
 1.940E-0001, 7.78210E-0006
 1.950E-0001, 7.75768E-0006
 1.960E-0001, 7.73937E-0006
 1.970E-0001, 7.72106E-0006
 1.980E-0001, 7.69359E-0006
 1.990E-0001, 7.67223E-0006
 2.000E-0001, 7.65087E-0006
 2.010E-0001, 7.63256E-0006
 2.020E-0001, 7.60814E-0006
 2.030E-0001, 7.58373E-0006
 2.040E-0001, 7.56542E-0006
 2.050E-0001, 7.54406E-0006
 2.060E-0001, 7.51354E-0006
 2.070E-0001, 7.49217E-0006
 2.080E-0001, 7.47386E-0006
 2.090E-0001, 7.43724E-0006
 2.100E-0001, 7.41283E-0006
 2.110E-0001, 7.38536E-0006
 2.120E-0001, 7.35484E-0006
 2.130E-0001, 7.32738E-0006
 2.140E-0001, 7.29991E-0006
 2.150E-0001, 7.26329E-0006
 2.160E-0001, 7.23277E-0006
 2.170E-0001, 7.18699E-0006
 2.180E-0001, 7.15648E-0006
 2.190E-0001, 7.11680E-0006
 2.200E-0001, 7.07408E-0006
 2.210E-0001, 7.03746E-0006
 2.220E-0001, 6.99778E-0006
 2.230E-0001, 6.96421E-0006
 2.240E-0001, 6.93369E-0006
 2.250E-0001, 6.90012E-0006
 2.260E-0001, 6.86045E-0006
 2.270E-0001, 6.81773E-0006
 2.280E-0001, 6.77500E-0006
 2.290E-0001, 6.73228E-0006
 2.300E-0001, 6.68650E-0006
 2.310E-0001, 6.64988E-0006
 2.320E-0001, 6.60410E-0006
 2.330E-0001, 6.55527E-0006
 2.340E-0001, 6.50949E-0006
 2.350E-0001, 6.45761E-0006
 2.360E-0001, 6.41184E-0006
 2.370E-0001, 6.36606E-0006
 2.380E-0001, 6.30502E-0006
 2.390E-0001, 6.25619E-0006
 2.400E-0001, 6.20126E-0006
 2.410E-0001, 6.13107E-0006
 2.420E-0001, 6.08224E-0006
 2.430E-0001, 6.02426E-0006
 2.440E-0001, 5.95712E-0006
 2.450E-0001, 5.89608E-0006
 2.460E-0001, 5.83810E-0006
 2.470E-0001, 5.77706E-0006
 2.480E-0001, 5.70077E-0006
 2.490E-0001, 5.64278E-0006
 2.500E-0001, 5.57869E-0006
 2.510E-0001, 5.50850E-0006
 2.520E-0001, 5.44441E-0006
 2.530E-0001, 5.37727E-0006
 2.540E-0001, 5.30708E-0006
 2.550E-0001, 5.23079E-0006
 2.560E-0001, 5.14839E-0006
 2.570E-0001, 5.08125E-0006
 2.580E-0001, 4.99885E-0006
 2.590E-0001, 4.92256E-0006
 2.600E-0001, 4.84321E-0006
 2.610E-0001, 4.76081E-0006
 2.620E-0001, 4.67841E-0006
 2.630E-0001, 4.59601E-0006
 2.640E-0001, 4.50141E-0006
 2.650E-0001, 4.41901E-0006
 2.660E-0001, 4.32135E-0006
 2.670E-0001, 4.23285E-0006
 2.680E-0001, 4.13519E-0006
 2.690E-0001, 4.04364E-0006
 2.700E-0001, 3.95208E-0006
 2.710E-0001, 3.85748E-0006
 2.720E-0001, 3.75066E-0006
 2.730E-0001, 3.66216E-0006
 2.740E-0001, 3.55840E-0006
 2.750E-0001, 3.46990E-0006
 2.760E-0001, 3.36003E-0006
 2.770E-0001, 3.25932E-0006
 2.780E-0001, 3.14946E-0006
 2.790E-0001, 3.05790E-0006
 2.800E-0001, 2.94499E-0006
 2.810E-0001, 2.84122E-0006
 2.820E-0001, 2.73136E-0006
 2.830E-0001, 2.62455E-0006
 2.840E-0001, 2.51773E-0006
 2.850E-0001, 2.40482E-0006
 2.860E-0001, 2.28885E-0006
 2.870E-0001, 2.17898E-0006
 2.880E-0001, 2.06912E-0006
 2.890E-0001, 1.95620E-0006
 2.900E-0001, 1.83413E-0006
 2.910E-0001, 1.72121E-0006
 2.920E-0001, 1.60524E-0006
 2.930E-0001, 1.48928E-0006
 2.940E-0001, 1.37331E-0006
 2.950E-0001, 1.25734E-0006
 2.960E-0001, 1.14747E-0006
 2.970E-0001, 1.03150E-0006
 2.980E-0001, 9.18593E-0007
 2.990E-0001, 8.08728E-0007
 3.000E-0001, 6.98863E-0007
 3.010E-0001, 5.76791E-0007
 3.020E-0001, 4.66926E-0007
 3.030E-0001, 3.50957E-0007
 3.040E-0001, 2.47196E-0007
 3.050E-0001, 1.34279E-0007
 3.060E-0001, 2.74662E-0008
 3.070E-0001,-8.23987E-0008
 3.080E-0001,-1.95315E-0007
 3.090E-0001,-3.02128E-0007
 3.100E-0001,-4.05889E-0007
 3.110E-0001,-5.12703E-0007
 3.120E-0001,-6.19516E-0007
 3.130E-0001,-7.26329E-0007
 3.140E-0001,-8.27038E-0007
 3.150E-0001,-9.33852E-0007
 3.160E-0001,-1.03456E-0006
 3.170E-0001,-1.12306E-0006
 3.180E-0001,-1.21461E-0006
 3.190E-0001,-1.30617E-0006
 3.200E-0001,-1.39772E-0006
 3.210E-0001,-1.48622E-0006
 3.220E-0001,-1.56862E-0006
 3.230E-0001,-1.65407E-0006
 3.240E-0001,-1.73647E-0006
 3.250E-0001,-1.81582E-0006
 3.260E-0001,-1.88906E-0006
 3.270E-0001,-1.96536E-0006
 3.280E-0001,-2.03555E-0006
 3.290E-0001,-2.10879E-0006
 3.300E-0001,-2.16983E-0006
 3.310E-0001,-2.23697E-0006
 3.320E-0001,-2.29190E-0006
 3.330E-0001,-2.35599E-0006
 3.340E-0001,-2.41397E-0006
 3.350E-0001,-2.46280E-0006
 3.360E-0001,-2.51773E-0006
 3.370E-0001,-2.56656E-0006
 3.380E-0001,-2.61234E-0006
 3.390E-0001,-2.66117E-0006
 3.400E-0001,-2.69779E-0006
 3.410E-0001,-2.73441E-0006
 3.420E-0001,-2.76798E-0006
 3.430E-0001,-2.80460E-0006
 3.440E-0001,-2.83512E-0006
 3.450E-0001,-2.85954E-0006
 3.460E-0001,-2.88090E-0006
 3.470E-0001,-2.90836E-0006
 3.480E-0001,-2.92057E-0006
 3.490E-0001,-2.93583E-0006
 3.500E-0001,-2.94804E-0006
 3.510E-0001,-2.96025E-0006
 3.520E-0001,-2.97550E-0006
 3.530E-0001,-2.98466E-0006
 3.540E-0001,-2.98466E-0006
 3.550E-0001,-2.98466E-0006
 3.560E-0001,-2.98771E-0006
 3.570E-0001,-2.99382E-0006
 3.580E-0001,-2.98161E-0006
 3.590E-0001,-2.98161E-0006
 3.600E-0001,-2.97550E-0006
 3.610E-0001,-2.96635E-0006
 3.620E-0001,-2.95719E-0006
 3.630E-0001,-2.94193E-0006
 3.640E-0001,-2.93583E-0006
 3.650E-0001,-2.91752E-0006
 3.660E-0001,-2.90531E-0006
 3.670E-0001,-2.88700E-0006
 3.680E-0001,-2.86564E-0006
 3.690E-0001,-2.84428E-0006
 3.700E-0001,-2.82291E-0006
 3.710E-0001,-2.79545E-0006
 3.720E-0001,-2.77714E-0006
 3.730E-0001,-2.74357E-0006
 3.740E-0001,-2.72220E-0006
 3.750E-0001,-2.69474E-0006
 3.760E-0001,-2.66727E-0006
 3.770E-0001,-2.63675E-0006
 3.780E-0001,-2.60929E-0006
 3.790E-0001,-2.57877E-0006
 3.800E-0001,-2.55130E-0006
 3.810E-0001,-2.51773E-0006
 3.820E-0001,-2.48416E-0006
 3.830E-0001,-2.45975E-0006
 3.840E-0001,-2.42313E-0006
 3.850E-0001,-2.39566E-0006
 3.860E-0001,-2.36209E-0006
 3.870E-0001,-2.33463E-0006
 3.880E-0001,-2.29800E-0006
 3.890E-0001,-2.26443E-0006
 3.900E-0001,-2.22781E-0006
 3.910E-0001,-2.19729E-0006
 3.920E-0001,-2.16678E-0006
 3.930E-0001,-2.13931E-0006
 3.940E-0001,-2.09964E-0006
 3.950E-0001,-2.06607E-0006
 3.960E-0001,-2.02944E-0006
 3.970E-0001,-1.99588E-0006
 3.980E-0001,-1.97451E-0006
 3.990E-0001,-1.93484E-0006
 4.000E-0001,-1.90127E-0006
 4.010E-0001,-1.86465E-0006
 4.020E-0001,-1.83413E-0006
 4.030E-0001,-1.80666E-0006
 4.040E-0001,-1.76699E-0006
 4.050E-0001,-1.73952E-0006
 4.060E-0001,-1.71206E-0006
 4.070E-0001,-1.67849E-0006
 4.080E-0001,-1.65102E-0006
 4.090E-0001,-1.61440E-0006
 4.100E-0001,-1.58999E-0006
 4.110E-0001,-1.55642E-0006
 4.120E-0001,-1.53505E-0006
 4.130E-0001,-1.50148E-0006
 4.140E-0001,-1.47096E-0006
 4.150E-0001,-1.44350E-0006
 4.160E-0001,-1.41603E-0006
 4.170E-0001,-1.39162E-0006
 4.180E-0001,-1.36110E-0006
 4.190E-0001,-1.33363E-0006
 4.200E-0001,-1.30922E-0006
 4.210E-0001,-1.27870E-0006
 4.220E-0001,-1.25734E-0006
 4.230E-0001,-1.22987E-0006
 4.240E-0001,-1.20546E-0006
 4.250E-0001,-1.17799E-0006
 4.260E-0001,-1.15663E-0006
 4.270E-0001,-1.13221E-0006
 4.280E-0001,-1.10170E-0006
 4.290E-0001,-1.08339E-0006
 4.300E-0001,-1.06813E-0006
 4.310E-0001,-1.04676E-0006
 4.320E-0001,-1.02540E-0006
 4.330E-0001,-1.00099E-0006
 4.340E-0001,-9.85732E-0007
 4.350E-0001,-9.58266E-0007
 4.360E-0001,-9.49111E-0007
 4.370E-0001,-9.18593E-0007
 4.380E-0001,-9.03334E-0007
 4.390E-0001,-8.91126E-0007
 4.400E-0001,-8.69764E-0007
 4.410E-0001,-8.51453E-0007
 4.420E-0001,-8.30090E-0007
 4.430E-0001,-8.17883E-0007
 4.440E-0001,-7.93469E-0007
 4.450E-0001,-7.81261E-0007
 4.460E-0001,-7.69054E-0007
 4.470E-0001,-7.50743E-0007
 4.480E-0001,-7.35484E-0007
 4.490E-0001,-7.17174E-0007
 4.500E-0001,-7.04966E-0007
 4.510E-0001,-6.92759E-0007
 4.520E-0001,-6.74448E-0007
 4.530E-0001,-6.65293E-0007
 4.540E-0001,-6.50034E-0007
 4.550E-0001,-6.40878E-0007
 4.560E-0001,-6.28671E-0007
 4.570E-0001,-6.16464E-0007
 4.580E-0001,-6.01205E-0007
 4.590E-0001,-5.92050E-0007
 4.600E-0001,-5.79842E-0007
 4.610E-0001,-5.67635E-0007
 4.620E-0001,-5.58480E-0007
 4.630E-0001,-5.49324E-0007
 4.640E-0001,-5.37117E-0007
 4.650E-0001,-5.27962E-0007
 4.660E-0001,-5.15754E-0007
 4.670E-0001,-5.00495E-0007
 4.680E-0001,-4.97444E-0007
 4.690E-0001,-4.79133E-0007
 4.700E-0001,-4.76081E-0007
 4.710E-0001,-4.69977E-0007
 4.720E-0001,-4.54718E-0007
 4.730E-0001,-4.54718E-0007
 4.740E-0001,-4.36408E-0007
 4.750E-0001,-4.39459E-0007
 4.760E-0001,-4.27252E-0007
 4.770E-0001,-4.21149E-0007
 4.780E-0001,-4.15045E-0007
 4.790E-0001,-4.05889E-0007
 4.800E-0001,-4.05889E-0007
 4.810E-0001,-3.93682E-0007
 4.820E-0001,-3.87579E-0007
 4.830E-0001,-3.81475E-0007
 4.840E-0001,-3.72320E-0007
 4.850E-0001,-3.75371E-0007
 4.860E-0001,-3.63164E-0007
 4.870E-0001,-3.60112E-0007
 4.880E-0001,-3.57061E-0007
 4.890E-0001,-3.41802E-0007
 4.900E-0001,-3.38750E-0007
 4.910E-0001,-3.32646E-0007
 4.920E-0001,-3.38750E-0007
 4.930E-0001,-3.26543E-0007
 4.940E-0001,-3.20439E-0007
 4.950E-0001,-3.14335E-0007
 4.960E-0001,-3.14335E-0007
 4.970E-0001,-3.11284E-0007
 4.980E-0001,-3.11284E-0007
 4.990E-0001,-3.02128E-0007
 5.000E-0001,-2.99076E-0007
 5.010E-0001,-2.96025E-0007
 5.020E-0001,-2.92973E-0007
 5.030E-0001,-2.92973E-0007
 5.040E-0001,-2.86869E-0007
 5.050E-0001,-2.83817E-0007
 5.060E-0001,-2.77714E-0007
 5.070E-0001,-2.77714E-0007
 5.080E-0001,-2.68558E-0007
 5.090E-0001,-2.65506E-0007
 5.100E-0001,-2.71610E-0007
 5.110E-0001,-2.65506E-0007
 5.120E-0001,-2.62455E-0007
 5.130E-0001,-2.59403E-0007
 5.140E-0001,-2.62455E-0007
 5.150E-0001,-2.56351E-0007
 5.160E-0001,-2.59403E-0007
 5.170E-0001,-2.50247E-0007
 5.180E-0001,-2.47196E-0007
 5.190E-0001,-2.53299E-0007
 5.200E-0001,-2.50247E-0007
 5.210E-0001,-2.53299E-0007
 5.220E-0001,-2.44144E-0007
 5.230E-0001,-2.41092E-0007
 5.240E-0001,-2.38040E-0007
 5.250E-0001,-2.41092E-0007
 5.260E-0001,-2.31937E-0007
 5.270E-0001,-2.41092E-0007
 5.280E-0001,-2.38040E-0007
 5.290E-0001,-2.34988E-0007
 5.300E-0001,-2.28885E-0007
 5.310E-0001,-2.31937E-0007
 5.320E-0001,-2.34988E-0007
 5.330E-0001,-2.28885E-0007
 5.340E-0001,-2.28885E-0007
 5.350E-0001,-2.28885E-0007
 5.360E-0001,-2.28885E-0007
 5.370E-0001,-2.25833E-0007
 5.380E-0001,-2.25833E-0007
 5.390E-0001,-2.25833E-0007
 5.400E-0001,-2.25833E-0007
 5.410E-0001,-2.25833E-0007
 5.420E-0001,-2.22781E-0007
 5.430E-0001,-2.22781E-0007
 5.440E-0001,-2.19729E-0007
 5.450E-0001,-2.16678E-0007
 5.460E-0001,-2.22781E-0007
 5.470E-0001,-2.19729E-0007
 5.480E-0001,-2.16678E-0007
 5.490E-0001,-2.19729E-0007
 5.500E-0001,-2.13626E-0007
 5.510E-0001,-2.13626E-0007
 5.520E-0001,-2.13626E-0007
 5.530E-0001,-2.16678E-0007
 5.540E-0001,-2.13626E-0007
 5.550E-0001,-2.19729E-0007
 5.560E-0001,-2.16678E-0007
 5.570E-0001,-2.13626E-0007
 5.580E-0001,-2.19729E-0007
 5.590E-0001,-2.16678E-0007
 5.600E-0001,-2.10574E-0007
 5.610E-0001,-2.19729E-0007
 5.620E-0001,-2.13626E-0007
 5.630E-0001,-2.16678E-0007
 5.640E-0001,-2.19729E-0007
 5.650E-0001,-2.22781E-0007
 5.660E-0001,-2.19729E-0007
 5.670E-0001,-2.19729E-0007
 5.680E-0001,-2.16678E-0007
 5.690E-0001,-2.10574E-0007
 5.700E-0001,-2.19729E-0007
 5.710E-0001,-2.16678E-0007
 5.720E-0001,-2.13626E-0007
 5.730E-0001,-2.19729E-0007
 5.740E-0001,-2.16678E-0007
 5.750E-0001,-2.16678E-0007
 5.760E-0001,-2.19729E-0007
 5.770E-0001,-2.19729E-0007
 5.780E-0001,-2.19729E-0007
 5.790E-0001,-2.19729E-0007
 5.800E-0001,-2.19729E-0007
 5.810E-0001,-2.25833E-0007
 5.820E-0001,-2.22781E-0007
 5.830E-0001,-2.22781E-0007
 5.840E-0001,-2.25833E-0007
 5.850E-0001,-2.19729E-0007
 5.860E-0001,-2.22781E-0007
 5.870E-0001,-2.22781E-0007
 5.880E-0001,-2.22781E-0007
 5.890E-0001,-2.25833E-0007
 5.900E-0001,-2.25833E-0007
 5.910E-0001,-2.22781E-0007
 5.920E-0001,-2.25833E-0007
 5.930E-0001,-2.28885E-0007
 5.940E-0001,-2.25833E-0007
 5.950E-0001,-2.28885E-0007
 5.960E-0001,-2.25833E-0007
 5.970E-0001,-2.25833E-0007
 5.980E-0001,-2.31937E-0007
 5.990E-0001,-2.28885E-0007
 6.000E-0001,-2.31937E-0007
 6.010E-0001,-2.31937E-0007
 6.020E-0001,-2.31937E-0007
 6.030E-0001,-2.38040E-0007
 6.040E-0001,-2.25833E-0007
 6.050E-0001,-2.34988E-0007
 6.060E-0001,-2.38040E-0007
 6.070E-0001,-2.34988E-0007
 6.080E-0001,-2.34988E-0007
 6.090E-0001,-2.34988E-0007
 6.100E-0001,-2.34988E-0007
 6.110E-0001,-2.34988E-0007
 6.120E-0001,-2.31937E-0007
 6.130E-0001,-2.41092E-0007
 6.140E-0001,-2.47196E-0007
 6.150E-0001,-2.47196E-0007
 6.160E-0001,-2.41092E-0007
 6.170E-0001,-2.38040E-0007
 6.180E-0001,-2.50247E-0007
 6.190E-0001,-2.41092E-0007
 6.200E-0001,-2.44144E-0007
 6.210E-0001,-2.41092E-0007
 6.220E-0001,-2.50247E-0007
 6.230E-0001,-2.47196E-0007
 6.240E-0001,-2.53299E-0007
 6.250E-0001,-2.50247E-0007
 6.260E-0001,-2.56351E-0007
 6.270E-0001,-2.53299E-0007
 6.280E-0001,-2.50247E-0007
 6.290E-0001,-2.53299E-0007
 6.300E-0001,-2.53299E-0007
 6.310E-0001,-2.50247E-0007
 6.320E-0001,-2.50247E-0007
 6.330E-0001,-2.53299E-0007
 6.340E-0001,-2.59403E-0007
 6.350E-0001,-2.62455E-0007
 6.360E-0001,-2.62455E-0007
 6.370E-0001,-2.62455E-0007
 6.380E-0001,-2.68558E-0007
 6.390E-0001,-2.65506E-0007
 6.400E-0001,-2.65506E-0007
 6.410E-0001,-2.65506E-0007
 6.420E-0001,-2.59403E-0007
 6.430E-0001,-2.68558E-0007
 6.440E-0001,-2.65506E-0007
 6.450E-0001,-2.71610E-0007
 6.460E-0001,-2.68558E-0007
 6.470E-0001,-2.65506E-0007
 6.480E-0001,-2.65506E-0007
 6.490E-0001,-2.71610E-0007
 6.500E-0001,-2.74662E-0007
 6.510E-0001,-2.83817E-0007
 6.520E-0001,-2.80766E-0007
 6.530E-0001,-2.80766E-0007
 6.540E-0001,-2.80766E-0007
 6.550E-0001,-2.83817E-0007
 6.560E-0001,-2.80766E-0007
 6.570E-0001,-2.80766E-0007
 6.580E-0001,-2.86869E-0007
 6.590E-0001,-2.89921E-0007
 6.600E-0001,-2.89921E-0007
 6.610E-0001,-2.89921E-0007
 6.620E-0001,-2.80766E-0007
 6.630E-0001,-2.86869E-0007
 6.640E-0001,-2.89921E-0007
 6.650E-0001,-2.92973E-0007
 6.660E-0001,-2.96025E-0007
 6.670E-0001,-2.99076E-0007
 6.680E-0001,-3.05180E-0007
 6.690E-0001,-2.99076E-0007
 6.700E-0001,-3.05180E-0007
 6.710E-0001,-3.08232E-0007
 6.720E-0001,-3.05180E-0007
 6.730E-0001,-3.11284E-0007
 6.740E-0001,-3.08232E-0007
 6.750E-0001,-3.14335E-0007
 6.760E-0001,-3.17387E-0007
 6.770E-0001,-3.14335E-0007
 6.780E-0001,-3.17387E-0007
 6.790E-0001,-3.26543E-0007
 6.800E-0001,-3.20439E-0007
 6.810E-0001,-3.17387E-0007
 6.820E-0001,-3.20439E-0007
 6.830E-0001,-3.20439E-0007
 6.840E-0001,-3.23491E-0007
 6.850E-0001,-3.29594E-0007
 6.860E-0001,-3.29594E-0007
 6.870E-0001,-3.26543E-0007
 6.880E-0001,-3.32646E-0007
 6.890E-0001,-3.29594E-0007
 6.900E-0001,-3.41802E-0007
 6.910E-0001,-3.38750E-0007
 6.920E-0001,-3.38750E-0007
 6.930E-0001,-3.44853E-0007
 6.940E-0001,-3.41802E-0007
 6.950E-0001,-3.47905E-0007
 6.960E-0001,-3.47905E-0007
 6.970E-0001,-3.54009E-0007
 6.980E-0001,-3.57061E-0007
 6.990E-0001,-3.54009E-0007
 7.000E-0001,-3.63164E-0007
 7.010E-0001,-3.63164E-0007
 7.020E-0001,-3.66216E-0007
 7.030E-0001,-3.63164E-0007
 7.040E-0001,-3.66216E-0007
 7.050E-0001,-3.72320E-0007
 7.060E-0001,-3.72320E-0007
 7.070E-0001,-3.75371E-0007
 7.080E-0001,-3.84527E-0007
 7.090E-0001,-3.81475E-0007
 7.100E-0001,-3.84527E-0007
 7.110E-0001,-3.87579E-0007
 7.120E-0001,-3.84527E-0007
 7.130E-0001,-3.87579E-0007
 7.140E-0001,-3.93682E-0007
 7.150E-0001,-3.93682E-0007
 7.160E-0001,-3.99786E-0007
 7.170E-0001,-3.96734E-0007
 7.180E-0001,-4.02838E-0007
 7.190E-0001,-4.02838E-0007
 7.200E-0001,-4.08941E-0007
 7.210E-0001,-4.05889E-0007
 7.220E-0001,-4.18097E-0007
 7.230E-0001,-4.18097E-0007
 7.240E-0001,-4.21149E-0007
 7.250E-0001,-4.24200E-0007
 7.260E-0001,-4.21149E-0007
 7.270E-0001,-4.27252E-0007
 7.280E-0001,-4.27252E-0007
 7.290E-0001,-4.36408E-0007
 7.300E-0001,-4.36408E-0007
 7.310E-0001,-4.42511E-0007
 7.320E-0001,-4.42511E-0007
 7.330E-0001,-4.45563E-0007
 7.340E-0001,-4.51667E-0007
 7.350E-0001,-4.51667E-0007
 7.360E-0001,-4.57770E-0007
 7.370E-0001,-4.57770E-0007
 7.380E-0001,-4.57770E-0007
 7.390E-0001,-4.57770E-0007
 7.400E-0001,-4.63874E-0007
 7.410E-0001,-4.73029E-0007
 7.420E-0001,-4.73029E-0007
 7.430E-0001,-4.76081E-0007
 7.440E-0001,-4.82185E-0007
 7.450E-0001,-4.88288E-0007
 7.460E-0001,-4.88288E-0007
 7.470E-0001,-4.91340E-0007
 7.480E-0001,-4.97444E-0007
 7.490E-0001,-4.94392E-0007
 7.500E-0001,-4.97444E-0007
 7.510E-0001,-5.00495E-0007
 7.520E-0001,-5.12703E-0007
 7.530E-0001,-5.09651E-0007
 7.540E-0001,-5.12703E-0007
 7.550E-0001,-5.21858E-0007
 7.560E-0001,-5.12703E-0007
 7.570E-0001,-5.18806E-0007
 7.580E-0001,-5.24910E-0007
 7.590E-0001,-5.24910E-0007
 7.600E-0001,-5.37117E-0007
 7.610E-0001,-5.43221E-0007
 7.620E-0001,-5.46272E-0007
 7.630E-0001,-5.40169E-0007
 7.640E-0001,-5.49324E-0007
 7.650E-0001,-5.55428E-0007
 7.660E-0001,-5.58480E-0007
 7.670E-0001,-5.61532E-0007
 7.680E-0001,-5.70687E-0007
 7.690E-0001,-5.70687E-0007
 7.700E-0001,-5.73739E-0007
 7.710E-0001,-5.73739E-0007
 7.720E-0001,-5.79842E-0007
 7.730E-0001,-5.92050E-0007
 7.740E-0001,-5.88998E-0007
 7.750E-0001,-5.88998E-0007
 7.760E-0001,-5.98153E-0007
 7.770E-0001,-6.04257E-0007
 7.780E-0001,-6.10360E-0007
 7.790E-0001,-6.07309E-0007
 7.800E-0001,-6.13412E-0007
 7.810E-0001,-6.22568E-0007
 7.820E-0001,-6.25619E-0007
 7.830E-0001,-6.28671E-0007
 7.840E-0001,-6.40878E-0007
 7.850E-0001,-6.34775E-0007
 7.860E-0001,-6.40878E-0007
 7.870E-0001,-6.50034E-0007
 7.880E-0001,-6.53086E-0007
 7.890E-0001,-6.62241E-0007
 7.900E-0001,-6.65293E-0007
 7.910E-0001,-6.62241E-0007
 7.920E-0001,-6.71396E-0007
 7.930E-0001,-6.77500E-0007
 7.940E-0001,-6.80552E-0007
 7.950E-0001,-6.92759E-0007
 7.960E-0001,-6.92759E-0007
 7.970E-0001,-6.98863E-0007
 7.980E-0001,-7.01915E-0007
 7.990E-0001,-7.04966E-0007
 8.000E-0001,-7.04966E-0007
