
 7.990E-0001,-7.26329E-0007
 7.980E-0001,-3.11284E-0007
 7.970E-0001,-7.62951E-0008
 7.960E-0001, 6.40878E-0008
 7.950E-0001, 0.00000E+0000
 7.940E-0001, 2.74662E-0008
 7.930E-0001,-2.13626E-0008
 7.920E-0001,-7.01915E-0008
 7.910E-0001,-3.96734E-0008
 7.900E-0001,-1.19020E-0007
 7.890E-0001,-5.49324E-0008
 7.880E-0001,-7.62951E-0008
 7.870E-0001,-8.54505E-0008
 7.860E-0001,-3.35698E-0008
 7.850E-0001,-9.15541E-0008
 7.840E-0001,-1.52590E-0008
 7.830E-0001,-2.74662E-0008
 7.820E-0001,-3.66216E-0008
 7.810E-0001, 1.52590E-0008
 7.800E-0001,-3.66216E-0008
 7.790E-0001, 3.35698E-0008
 7.780E-0001, 3.05180E-0008
 7.770E-0001, 2.13626E-0008
 7.760E-0001, 8.23987E-0008
 7.750E-0001, 1.52590E-0008
 7.740E-0001, 9.15541E-0008
 7.730E-0001, 9.15541E-0008
 7.720E-0001, 7.93469E-0008
 7.710E-0001, 1.40383E-0007
 7.700E-0001, 7.93469E-0008
 7.690E-0001, 1.52590E-0007
 7.680E-0001, 1.52590E-0007
 7.670E-0001, 1.31227E-0007
 7.660E-0001, 1.92263E-0007
 7.650E-0001, 1.31227E-0007
 7.640E-0001, 1.98367E-0007
 7.630E-0001, 2.01419E-0007
 7.620E-0001, 1.80056E-0007
 7.610E-0001, 2.47196E-0007
 7.600E-0001, 1.80056E-0007
 7.590E-0001, 2.47196E-0007
 7.580E-0001, 2.44144E-0007
 7.570E-0001, 2.25833E-0007
 7.560E-0001, 2.86869E-0007
 7.550E-0001, 2.22781E-0007
 7.540E-0001, 2.99076E-0007
 7.530E-0001, 2.89921E-0007
 7.520E-0001, 2.74662E-0007
 7.510E-0001, 3.35698E-0007
 7.500E-0001, 2.68558E-0007
 7.490E-0001, 3.38750E-0007
 7.480E-0001, 3.38750E-0007
 7.470E-0001, 3.23491E-0007
 7.460E-0001, 3.75371E-0007
 7.450E-0001, 3.14335E-0007
 7.440E-0001, 3.81475E-0007
 7.430E-0001, 3.72320E-0007
 7.420E-0001, 3.57061E-0007
 7.410E-0001, 4.15045E-0007
 7.400E-0001, 3.47905E-0007
 7.390E-0001, 4.18097E-0007
 7.380E-0001, 4.18097E-0007
 7.370E-0001, 3.93682E-0007
 7.360E-0001, 4.51667E-0007
 7.350E-0001, 3.90630E-0007
 7.340E-0001, 4.60822E-0007
 7.330E-0001, 4.51667E-0007
 7.320E-0001, 4.27252E-0007
 7.310E-0001, 4.88288E-0007
 7.300E-0001, 4.15045E-0007
 7.290E-0001, 4.82185E-0007
 7.280E-0001, 4.79133E-0007
 7.270E-0001, 4.60822E-0007
 7.260E-0001, 5.21858E-0007
 7.250E-0001, 4.57770E-0007
 7.240E-0001, 5.24910E-0007
 7.230E-0001, 5.09651E-0007
 7.220E-0001, 4.97444E-0007
 7.210E-0001, 5.52376E-0007
 7.200E-0001, 4.85236E-0007
 7.190E-0001, 5.55428E-0007
 7.180E-0001, 5.49324E-0007
 7.170E-0001, 5.21858E-0007
 7.160E-0001, 5.76791E-0007
 7.150E-0001, 5.09651E-0007
 7.140E-0001, 5.76791E-0007
 7.130E-0001, 5.73739E-0007
 7.120E-0001, 5.49324E-0007
 7.110E-0001, 6.10360E-0007
 7.100E-0001, 5.40169E-0007
 7.090E-0001, 6.04257E-0007
 7.080E-0001, 5.95101E-0007
 7.070E-0001, 5.76791E-0007
 7.060E-0001, 6.37827E-0007
 7.050E-0001, 5.67635E-0007
 7.040E-0001, 6.28671E-0007
 7.030E-0001, 6.16464E-0007
 7.020E-0001, 6.01205E-0007
 7.010E-0001, 6.62241E-0007
 7.000E-0001, 5.92050E-0007
 6.990E-0001, 6.50034E-0007
 6.980E-0001, 6.40878E-0007
 6.970E-0001, 6.31723E-0007
 6.960E-0001, 6.89707E-0007
 6.950E-0001, 6.10360E-0007
 6.940E-0001, 6.74448E-0007
 6.930E-0001, 6.71396E-0007
 6.920E-0001, 6.46982E-0007
 6.910E-0001, 6.98863E-0007
 6.900E-0001, 6.22568E-0007
 6.890E-0001, 6.89707E-0007
 6.880E-0001, 6.92759E-0007
 6.870E-0001, 6.68345E-0007
 6.860E-0001, 7.32433E-0007
 6.850E-0001, 6.53086E-0007
 6.840E-0001, 7.20225E-0007
 6.830E-0001, 7.17174E-0007
 6.820E-0001, 6.86655E-0007
 6.810E-0001, 7.41588E-0007
 6.800E-0001, 6.77500E-0007
 6.790E-0001, 7.35484E-0007
 6.780E-0001, 7.26329E-0007
 6.770E-0001, 7.04966E-0007
 6.760E-0001, 7.66002E-0007
 6.750E-0001, 6.92759E-0007
 6.740E-0001, 7.56847E-0007
 6.730E-0001, 7.44640E-0007
 6.720E-0001, 7.17174E-0007
 6.710E-0001, 7.81261E-0007
 6.700E-0001, 7.04966E-0007
 6.690E-0001, 7.69054E-0007
 6.680E-0001, 7.69054E-0007
 6.670E-0001, 7.35484E-0007
 6.660E-0001, 7.96520E-0007
 6.650E-0001, 7.23277E-0007
 6.640E-0001, 7.93469E-0007
 6.630E-0001, 7.90417E-0007
 6.620E-0001, 7.53795E-0007
 6.610E-0001, 8.08728E-0007
 6.600E-0001, 7.41588E-0007
 6.590E-0001, 7.99572E-0007
 6.580E-0001, 7.96520E-0007
 6.570E-0001, 7.72106E-0007
 6.560E-0001, 8.33142E-0007
 6.550E-0001, 7.56847E-0007
 6.540E-0001, 7.99572E-0007
 6.530E-0001, 8.05676E-0007
 6.520E-0001, 7.84313E-0007
 6.510E-0001, 8.39246E-0007
 6.500E-0001, 7.69054E-0007
 6.490E-0001, 8.20935E-0007
 6.480E-0001, 8.20935E-0007
 6.470E-0001, 7.99572E-0007
 6.460E-0001, 8.51453E-0007
 6.450E-0001, 7.87365E-0007
 6.440E-0001, 8.39246E-0007
 6.430E-0001, 8.33142E-0007
 6.420E-0001, 8.11779E-0007
 6.410E-0001, 8.72816E-0007
 6.400E-0001, 7.99572E-0007
 6.390E-0001, 8.48401E-0007
 6.380E-0001, 8.42298E-0007
 6.370E-0001, 8.14831E-0007
 6.360E-0001, 8.81971E-0007
 6.350E-0001, 8.14831E-0007
 6.340E-0001, 8.60608E-0007
 6.330E-0001, 8.63660E-0007
 6.320E-0001, 8.30090E-0007
 6.310E-0001, 8.97230E-0007
 6.300E-0001, 8.30090E-0007
 6.290E-0001, 8.75867E-0007
 6.280E-0001, 8.81971E-0007
 6.270E-0001, 8.54505E-0007
 6.260E-0001, 9.09437E-0007
 6.250E-0001, 8.36194E-0007
 6.240E-0001, 8.97230E-0007
 6.230E-0001, 8.91126E-0007
 6.220E-0001, 8.63660E-0007
 6.210E-0001, 9.27748E-0007
 6.200E-0001, 8.57557E-0007
 6.190E-0001, 9.12489E-0007
 6.180E-0001, 9.09437E-0007
 6.170E-0001, 8.78919E-0007
 6.160E-0001, 9.39955E-0007
 6.150E-0001, 8.63660E-0007
 6.140E-0001, 9.12489E-0007
 6.130E-0001, 9.18593E-0007
 6.120E-0001, 8.88075E-0007
 6.110E-0001, 9.58266E-0007
 6.100E-0001, 8.81971E-0007
 6.090E-0001, 9.33852E-0007
 6.080E-0001, 9.36903E-0007
 6.070E-0001, 9.03334E-0007
 6.060E-0001, 9.64370E-0007
 6.050E-0001, 8.94178E-0007
 6.040E-0001, 9.49111E-0007
 6.030E-0001, 9.52162E-0007
 6.020E-0001, 9.15541E-0007
 6.010E-0001, 9.79629E-0007
 6.000E-0001, 9.09437E-0007
 5.990E-0001, 9.61318E-0007
 5.980E-0001, 9.55214E-0007
 5.970E-0001, 9.33852E-0007
 5.960E-0001, 9.94888E-0007
 5.950E-0001, 9.24696E-0007
 5.940E-0001, 9.67421E-0007
 5.930E-0001, 9.70473E-0007
 5.920E-0001, 9.39955E-0007
 5.910E-0001, 1.00404E-0006
 5.900E-0001, 9.30800E-0007
 5.890E-0001, 9.79629E-0007
 5.880E-0001, 9.82681E-0007
 5.870E-0001, 9.52162E-0007
 5.860E-0001, 1.01625E-0006
 5.850E-0001, 9.43007E-0007
 5.840E-0001, 9.94888E-0007
 5.830E-0001, 9.94888E-0007
 5.820E-0001, 9.70473E-0007
 5.810E-0001, 1.02845E-0006
 5.800E-0001, 9.61318E-0007
 5.790E-0001, 1.00404E-0006
 5.780E-0001, 1.01319E-0006
 5.770E-0001, 9.79629E-0007
 5.760E-0001, 1.04066E-0006
 5.750E-0001, 9.67421E-0007
 5.740E-0001, 1.01319E-0006
 5.730E-0001, 1.01319E-0006
 5.720E-0001, 9.91836E-0007
 5.710E-0001, 1.05897E-0006
 5.700E-0001, 9.88784E-0007
 5.690E-0001, 1.03150E-0006
 5.680E-0001, 1.03761E-0006
 5.670E-0001, 1.00709E-0006
 5.660E-0001, 1.06507E-0006
 5.650E-0001, 1.00099E-0006
 5.640E-0001, 1.04371E-0006
 5.630E-0001, 1.05287E-0006
 5.620E-0001, 1.02235E-0006
 5.610E-0001, 1.08339E-0006
 5.600E-0001, 1.01930E-0006
 5.590E-0001, 1.06813E-0006
 5.580E-0001, 1.05897E-0006
 5.570E-0001, 1.04066E-0006
 5.560E-0001, 1.08949E-0006
 5.550E-0001, 1.02540E-0006
 5.540E-0001, 1.06507E-0006
 5.530E-0001, 1.07423E-0006
 5.520E-0001, 1.04676E-0006
 5.510E-0001, 1.10475E-0006
 5.500E-0001, 1.04676E-0006
 5.490E-0001, 1.09559E-0006
 5.480E-0001, 1.10170E-0006
 5.470E-0001, 1.06507E-0006
 5.460E-0001, 1.12306E-0006
 5.450E-0001, 1.05287E-0006
 5.440E-0001, 1.10170E-0006
 5.430E-0001, 1.10780E-0006
 5.420E-0001, 1.08339E-0006
 5.410E-0001, 1.13832E-0006
 5.400E-0001, 1.07423E-0006
 5.390E-0001, 1.11085E-0006
 5.380E-0001, 1.12001E-0006
 5.370E-0001, 1.09254E-0006
 5.360E-0001, 1.15663E-0006
 5.350E-0001, 1.09864E-0006
 5.340E-0001, 1.12916E-0006
 5.330E-0001, 1.12306E-0006
 5.320E-0001, 1.07728E-0006
 5.310E-0001, 1.14137E-0006
 5.300E-0001, 1.08339E-0006
 5.290E-0001, 1.13527E-0006
 5.280E-0001, 1.14747E-0006
 5.270E-0001, 1.11696E-0006
 5.260E-0001, 1.17189E-0006
 5.250E-0001, 1.10170E-0006
 5.240E-0001, 1.13221E-0006
 5.230E-0001, 1.12916E-0006
 5.220E-0001, 1.10475E-0006
 5.210E-0001, 1.16884E-0006
 5.200E-0001, 1.12306E-0006
 5.190E-0001, 1.16884E-0006
 5.180E-0001, 1.17799E-0006
 5.170E-0001, 1.15968E-0006
 5.160E-0001, 1.20241E-0006
 5.150E-0001, 1.15053E-0006
 5.140E-0001, 1.18104E-0006
 5.130E-0001, 1.18715E-0006
 5.120E-0001, 1.15968E-0006
 5.110E-0001, 1.22072E-0006
 5.100E-0001, 1.16273E-0006
 5.090E-0001, 1.20241E-0006
 5.080E-0001, 1.20546E-0006
 5.070E-0001, 1.18410E-0006
 5.060E-0001, 1.23598E-0006
 5.050E-0001, 1.17189E-0006
 5.040E-0001, 1.20851E-0006
 5.030E-0001, 1.20241E-0006
 5.020E-0001, 1.17494E-0006
 5.010E-0001, 1.22682E-0006
 5.000E-0001, 1.17494E-0006
 4.990E-0001, 1.21156E-0006
 4.980E-0001, 1.21156E-0006
 4.970E-0001, 1.19325E-0006
 4.960E-0001, 1.24818E-0006
 4.950E-0001, 1.19935E-0006
 4.940E-0001, 1.23598E-0006
 4.930E-0001, 1.23598E-0006
 4.920E-0001, 1.21156E-0006
 4.910E-0001, 1.26344E-0006
 4.900E-0001, 1.20851E-0006
 4.890E-0001, 1.24818E-0006
 4.880E-0001, 1.25123E-0006
 4.870E-0001, 1.22987E-0006
 4.860E-0001, 1.26955E-0006
 4.850E-0001, 1.21461E-0006
 4.840E-0001, 1.24818E-0006
 4.830E-0001, 1.25429E-0006
 4.820E-0001, 1.23598E-0006
 4.810E-0001, 1.28786E-0006
 4.800E-0001, 1.22682E-0006
 4.790E-0001, 1.26649E-0006
 4.780E-0001, 1.26649E-0006
 4.770E-0001, 1.24818E-0006
 4.760E-0001, 1.30006E-0006
 4.750E-0001, 1.25123E-0006
 4.740E-0001, 1.28175E-0006
 4.730E-0001, 1.28480E-0006
 4.720E-0001, 1.26344E-0006
 4.710E-0001, 1.31837E-0006
 4.700E-0001, 1.26344E-0006
 4.690E-0001, 1.29701E-0006
 4.680E-0001, 1.30617E-0006
 4.670E-0001, 1.27870E-0006
 4.660E-0001, 1.33363E-0006
 4.650E-0001, 1.28480E-0006
 4.640E-0001, 1.32143E-0006
 4.630E-0001, 1.32143E-0006
 4.620E-0001, 1.29701E-0006
 4.610E-0001, 1.34889E-0006
 4.600E-0001, 1.30312E-0006
 4.590E-0001, 1.33974E-0006
 4.580E-0001, 1.34584E-0006
 4.570E-0001, 1.31837E-0006
 4.560E-0001, 1.37331E-0006
 4.550E-0001, 1.32448E-0006
 4.540E-0001, 1.34889E-0006
 4.530E-0001, 1.36720E-0006
 4.520E-0001, 1.33974E-0006
 4.510E-0001, 1.38551E-0006
 4.500E-0001, 1.33669E-0006
 4.490E-0001, 1.37636E-0006
 4.480E-0001, 1.37941E-0006
 4.470E-0001, 1.35805E-0006
 4.460E-0001, 1.40383E-0006
 4.450E-0001, 1.35500E-0006
 4.440E-0001, 1.39162E-0006
 4.430E-0001, 1.39772E-0006
 4.420E-0001, 1.37636E-0006
 4.410E-0001, 1.42824E-0006
 4.400E-0001, 1.37636E-0006
 4.390E-0001, 1.40688E-0006
 4.380E-0001, 1.41298E-0006
 4.370E-0001, 1.39467E-0006
 4.360E-0001, 1.44045E-0006
 4.350E-0001, 1.38551E-0006
 4.340E-0001, 1.41908E-0006
 4.330E-0001, 1.42824E-0006
 4.320E-0001, 1.41298E-0006
 4.310E-0001, 1.46791E-0006
 4.300E-0001, 1.42519E-0006
 4.290E-0001, 1.45876E-0006
 4.280E-0001, 1.46486E-0006
 4.270E-0001, 1.45571E-0006
 4.260E-0001, 1.51064E-0006
 4.250E-0001, 1.46486E-0006
 4.240E-0001, 1.50148E-0006
 4.230E-0001, 1.51674E-0006
 4.220E-0001, 1.49843E-0006
 4.210E-0001, 1.55642E-0006
 4.200E-0001, 1.51674E-0006
 4.190E-0001, 1.55947E-0006
 4.180E-0001, 1.57167E-0006
 4.170E-0001, 1.56557E-0006
 4.160E-0001, 1.62661E-0006
 4.150E-0001, 1.58083E-0006
 4.140E-0001, 1.62355E-0006
 4.130E-0001, 1.63271E-0006
 4.120E-0001, 1.63576E-0006
 4.110E-0001, 1.69375E-0006
 4.100E-0001, 1.65712E-0006
 4.090E-0001, 1.68459E-0006
 4.080E-0001, 1.69375E-0006
 4.070E-0001, 1.70595E-0006
 4.060E-0001, 1.76699E-0006
 4.050E-0001, 1.74563E-0006
 4.040E-0001, 1.80361E-0006
 4.030E-0001, 1.82803E-0006
 4.020E-0001, 1.82803E-0006
 4.010E-0001, 1.89211E-0006
 4.000E-0001, 1.85854E-0006
 3.990E-0001, 1.92263E-0006
 3.980E-0001, 1.94094E-0006
 3.970E-0001, 1.95010E-0006
 3.960E-0001, 2.02029E-0006
 3.950E-0001, 1.98977E-0006
 3.940E-0001, 2.05081E-0006
 3.930E-0001, 2.07827E-0006
 3.920E-0001, 2.09964E-0006
 3.910E-0001, 2.16678E-0006
 3.900E-0001, 2.14541E-0006
 3.890E-0001, 2.22171E-0006
 3.880E-0001, 2.25528E-0006
 3.870E-0001, 2.27359E-0006
 3.860E-0001, 2.35294E-0006
 3.850E-0001, 2.34378E-0006
 3.840E-0001, 2.42008E-0006
 3.830E-0001, 2.44449E-0006
 3.820E-0001, 2.46890E-0006
 3.810E-0001, 2.56351E-0006
 3.800E-0001, 2.55741E-0006
 3.790E-0001, 2.64286E-0006
 3.780E-0001, 2.68863E-0006
 3.770E-0001, 2.72526E-0006
 3.760E-0001, 2.82902E-0006
 3.750E-0001, 2.81986E-0006
 3.740E-0001, 2.91752E-0006
 3.730E-0001, 2.97245E-0006
 3.720E-0001, 3.00907E-0006
 3.710E-0001, 3.11589E-0006
 3.700E-0001, 3.12199E-0006
 3.690E-0001, 3.22880E-0006
 3.680E-0001, 3.28679E-0006
 3.670E-0001, 3.35088E-0006
 3.660E-0001, 3.46990E-0006
 3.650E-0001, 3.48210E-0006
 3.640E-0001, 3.60723E-0006
 3.630E-0001, 3.68352E-0006
 3.620E-0001, 3.75982E-0006
 3.610E-0001, 3.87884E-0006
 3.600E-0001, 3.90936E-0006
 3.590E-0001, 4.05584E-0006
 3.580E-0001, 4.13824E-0006
 3.570E-0001, 4.22674E-0006
 3.560E-0001, 4.37933E-0006
 3.550E-0001, 4.41901E-0006
 3.540E-0001, 4.57465E-0006
 3.530E-0001, 4.66926E-0006
 3.520E-0001, 4.76386E-0006
 3.510E-0001, 4.93476E-0006
 3.500E-0001, 4.98664E-0006
 3.490E-0001, 5.16975E-0006
 3.480E-0001, 5.27962E-0006
 3.470E-0001, 5.40474E-0006
 3.460E-0001, 5.57869E-0006
 3.450E-0001, 5.65499E-0006
 3.440E-0001, 5.85946E-0006
 3.430E-0001, 5.98458E-0006
 3.420E-0001, 6.13412E-0006
 3.410E-0001, 6.32944E-0006
 3.400E-0001, 6.43015E-0006
 3.390E-0001, 6.66208E-0006
 3.380E-0001, 6.80247E-0006
 3.370E-0001, 6.97947E-0006
 3.360E-0001, 7.19920E-0006
 3.350E-0001, 7.31212E-0006
 3.340E-0001, 7.57152E-0006
 3.330E-0001, 7.73022E-0006
 3.320E-0001, 7.92858E-0006
 3.310E-0001, 8.16357E-0006
 3.300E-0001, 8.30701E-0006
 3.290E-0001, 8.59388E-0006
 3.280E-0001, 8.78309E-0006
 3.270E-0001, 9.00587E-0006
 3.260E-0001, 9.29274E-0006
 3.250E-0001, 9.44228E-0006
 3.240E-0001, 9.76272E-0006
 3.230E-0001, 9.97024E-0006
 3.220E-0001, 1.02235E-0005
 3.210E-0001, 1.05256E-0005
 3.200E-0001, 1.07209E-0005
 3.190E-0001, 1.10627E-0005
 3.180E-0001, 1.12916E-0005
 3.170E-0001, 1.15693E-0005
 3.160E-0001, 1.19050E-0005
 3.150E-0001, 1.21187E-0005
 3.140E-0001, 1.24971E-0005
 3.130E-0001, 1.27565E-0005
 3.120E-0001, 1.30739E-0005
 3.110E-0001, 1.34370E-0005
 3.100E-0001, 1.36842E-0005
 3.090E-0001, 1.40901E-0005
 3.080E-0001, 1.43801E-0005
 3.070E-0001, 1.47310E-0005
 3.060E-0001, 1.51003E-0005
 3.050E-0001, 1.53627E-0005
 3.040E-0001, 1.58083E-0005
 3.030E-0001, 1.61196E-0005
 3.020E-0001, 1.65163E-0005
 3.010E-0001, 1.69344E-0005
 3.000E-0001, 1.72457E-0005
 2.990E-0001, 1.77187E-0005
 2.980E-0001, 1.80575E-0005
 2.970E-0001, 1.84817E-0005
 2.960E-0001, 1.89394E-0005
 2.950E-0001, 1.92690E-0005
 2.940E-0001, 1.97787E-0005
 2.930E-0001, 2.01327E-0005
 2.920E-0001, 2.05722E-0005
 2.910E-0001, 2.10391E-0005
 2.900E-0001, 2.13900E-0005
 2.890E-0001, 2.19455E-0005
 2.880E-0001, 2.23483E-0005
 2.870E-0001, 2.28274E-0005
 2.860E-0001, 2.33340E-0005
 2.850E-0001, 2.37064E-0005
 2.840E-0001, 2.42740E-0005
 2.830E-0001, 2.46921E-0005
 2.820E-0001, 2.51895E-0005
 2.810E-0001, 2.57175E-0005
 2.800E-0001, 2.61051E-0005
 2.790E-0001, 2.66941E-0005
 2.780E-0001, 2.71335E-0005
 2.770E-0001, 2.76646E-0005
 2.760E-0001, 2.82230E-0005
 2.750E-0001, 2.86411E-0005
 2.740E-0001, 2.92576E-0005
 2.730E-0001, 2.97032E-0005
 2.720E-0001, 3.02433E-0005
 2.710E-0001, 3.08018E-0005
 2.700E-0001, 3.12352E-0005
 2.690E-0001, 3.18486E-0005
 2.680E-0001, 3.23094E-0005
 2.670E-0001, 3.28709E-0005
 2.660E-0001, 3.34325E-0005
 2.650E-0001, 3.38811E-0005
 2.640E-0001, 3.45281E-0005
 2.630E-0001, 3.49919E-0005
 2.620E-0001, 3.55565E-0005
 2.610E-0001, 3.61364E-0005
 2.600E-0001, 3.65880E-0005
 2.590E-0001, 3.72320E-0005
 2.580E-0001, 3.76928E-0005
 2.570E-0001, 3.82543E-0005
 2.560E-0001, 3.88281E-0005
 2.550E-0001, 3.92767E-0005
 2.540E-0001, 3.99145E-0005
 2.530E-0001, 4.03814E-0005
 2.520E-0001, 4.09430E-0005
 2.510E-0001, 4.15197E-0005
 2.500E-0001, 4.19745E-0005
 2.490E-0001, 4.26153E-0005
 2.480E-0001, 4.30701E-0005
 2.470E-0001, 4.36163E-0005
 2.460E-0001, 4.41657E-0005
 2.450E-0001, 4.45685E-0005
 2.440E-0001, 4.51422E-0005
 2.430E-0001, 4.55298E-0005
 2.420E-0001, 4.59845E-0005
 2.410E-0001, 4.64545E-0005
 2.400E-0001, 4.67872E-0005
 2.390E-0001, 4.73060E-0005
 2.380E-0001, 4.76539E-0005
 2.370E-0001, 4.80903E-0005
 2.360E-0001, 4.85389E-0005
 2.350E-0001, 4.88715E-0005
 2.340E-0001, 4.93659E-0005
 2.330E-0001, 4.96986E-0005
 2.320E-0001, 5.01228E-0005
 2.310E-0001, 5.05378E-0005
 2.300E-0001, 5.08064E-0005
 2.290E-0001, 5.12581E-0005
 2.280E-0001, 5.15419E-0005
 2.270E-0001, 5.19172E-0005
 2.260E-0001, 5.22926E-0005
 2.250E-0001, 5.25459E-0005
 2.240E-0001, 5.29518E-0005
 2.230E-0001, 5.32051E-0005
 2.220E-0001, 5.35347E-0005
 2.210E-0001, 5.38582E-0005
 2.200E-0001, 5.40657E-0005
 2.190E-0001, 5.44258E-0005
 2.180E-0001, 5.46334E-0005
 2.170E-0001, 5.48989E-0005
 2.160E-0001, 5.51735E-0005
 2.150E-0001, 5.53170E-0005
 2.140E-0001, 5.56252E-0005
 2.130E-0001, 5.57869E-0005
 2.120E-0001, 5.59914E-0005
 2.110E-0001, 5.62203E-0005
 2.100E-0001, 5.63241E-0005
 2.090E-0001, 5.65529E-0005
 2.080E-0001, 5.66689E-0005
 2.070E-0001, 5.68245E-0005
 2.060E-0001, 5.69893E-0005
 2.050E-0001, 5.70351E-0005
 2.040E-0001, 5.71999E-0005
 2.030E-0001, 5.72487E-0005
 2.020E-0001, 5.73525E-0005
 2.010E-0001, 5.74746E-0005
 2.000E-0001, 5.74746E-0005
 1.990E-0001, 5.75906E-0005
 1.980E-0001, 5.75936E-0005
 1.970E-0001, 5.76516E-0005
 1.960E-0001, 5.77248E-0005
 1.950E-0001, 5.76729E-0005
 1.940E-0001, 5.77523E-0005
 1.930E-0001, 5.77157E-0005
 1.920E-0001, 5.77096E-0005
 1.910E-0001, 5.77065E-0005
 1.900E-0001, 5.76028E-0005
 1.890E-0001, 5.76272E-0005
 1.880E-0001, 5.75570E-0005
 1.870E-0001, 5.75051E-0005
 1.860E-0001, 5.74807E-0005
 1.850E-0001, 5.73495E-0005
 1.840E-0001, 5.73342E-0005
 1.830E-0001, 5.72274E-0005
 1.820E-0001, 5.71389E-0005
 1.810E-0001, 5.70809E-0005
 1.800E-0001, 5.69253E-0005
 1.790E-0001, 5.68734E-0005
 1.780E-0001, 5.67116E-0005
 1.770E-0001, 5.65957E-0005
 1.760E-0001, 5.65072E-0005
 1.750E-0001, 5.63210E-0005
 1.740E-0001, 5.62386E-0005
 1.730E-0001, 5.60677E-0005
 1.720E-0001, 5.59273E-0005
 1.710E-0001, 5.58113E-0005
 1.700E-0001, 5.56038E-0005
 1.690E-0001, 5.54909E-0005
 1.680E-0001, 5.52986E-0005
 1.670E-0001, 5.51277E-0005
 1.660E-0001, 5.49935E-0005
 1.650E-0001, 5.47798E-0005
 1.640E-0001, 5.46517E-0005
 1.630E-0001, 5.44594E-0005
 1.620E-0001, 5.42854E-0005
 1.610E-0001, 5.41542E-0005
 1.600E-0001, 5.39223E-0005
 1.590E-0001, 5.37850E-0005
 1.580E-0001, 5.35744E-0005
 1.570E-0001, 5.33760E-0005
 1.560E-0001, 5.32143E-0005
 1.550E-0001, 5.29915E-0005
 1.540E-0001, 5.28450E-0005
 1.530E-0001, 5.26497E-0005
 1.520E-0001, 5.24544E-0005
 1.510E-0001, 5.22896E-0005
 1.500E-0001, 5.20424E-0005
 1.490E-0001, 5.18867E-0005
 1.480E-0001, 5.16792E-0005
 1.470E-0001, 5.14900E-0005
 1.460E-0001, 5.13282E-0005
 1.450E-0001, 5.10963E-0005
 1.440E-0001, 5.09407E-0005
 1.430E-0001, 5.07392E-0005
 1.420E-0001, 5.05470E-0005
 1.410E-0001, 5.03944E-0005
 1.400E-0001, 5.01533E-0005
 1.390E-0001, 4.99946E-0005
 1.380E-0001, 4.97932E-0005
 1.370E-0001, 4.95918E-0005
 1.360E-0001, 4.94575E-0005
 1.350E-0001, 4.92530E-0005
 1.340E-0001, 4.91187E-0005
 1.330E-0001, 4.89478E-0005
 1.320E-0001, 4.87678E-0005
 1.310E-0001, 4.86182E-0005
 1.300E-0001, 4.84016E-0005
 1.290E-0001, 4.82398E-0005
 1.280E-0001, 4.80598E-0005
 1.270E-0001, 4.78706E-0005
 1.260E-0001, 4.77271E-0005
 1.250E-0001, 4.75196E-0005
 1.240E-0001, 4.73731E-0005
 1.230E-0001, 4.72022E-0005
 1.220E-0001, 4.70160E-0005
 1.210E-0001, 4.68970E-0005
 1.200E-0001, 4.67048E-0005
 1.190E-0001, 4.65735E-0005
 1.180E-0001, 4.64087E-0005
 1.170E-0001, 4.62409E-0005
 1.160E-0001, 4.61097E-0005
 1.150E-0001, 4.59205E-0005
 1.140E-0001, 4.57831E-0005
 1.130E-0001, 4.56244E-0005
 1.120E-0001, 4.54535E-0005
 1.110E-0001, 4.53315E-0005
 1.100E-0001, 4.51514E-0005
 1.090E-0001, 4.50263E-0005
 1.080E-0001, 4.48767E-0005
 1.070E-0001, 4.47119E-0005
 1.060E-0001, 4.45929E-0005
 1.050E-0001, 4.44190E-0005
 1.040E-0001, 4.42999E-0005
 1.030E-0001, 4.41535E-0005
 1.020E-0001, 4.39978E-0005
 1.010E-0001, 4.38910E-0005
 1.000E-0001, 4.37170E-0005
 9.900E-0002, 4.36072E-0005
 9.800E-0002, 4.34699E-0005
 9.700E-0002, 4.33173E-0005
 9.600E-0002, 4.32135E-0005
 9.500E-0002, 4.30548E-0005
 9.400E-0002, 4.29388E-0005
 9.300E-0002, 4.28046E-0005
 9.200E-0002, 4.26581E-0005
 9.100E-0002, 4.25665E-0005
 9.000E-0002, 4.24078E-0005
 8.900E-0002, 4.22888E-0005
 8.800E-0002, 4.21698E-0005
 8.700E-0002, 4.20386E-0005
 8.600E-0002, 4.19501E-0005
 8.500E-0002, 4.17975E-0005
 8.400E-0002, 4.16937E-0005
 8.300E-0002, 4.15716E-0005
 8.200E-0002, 4.14435E-0005
 8.100E-0002, 4.13611E-0005
 8.000E-0002, 4.12054E-0005
 7.900E-0002, 4.11139E-0005
 7.800E-0002, 4.10009E-0005
 7.700E-0002, 4.08697E-0005
 7.600E-0002, 4.07873E-0005
 7.500E-0002, 4.06439E-0005
 7.400E-0002, 4.05554E-0005
 7.300E-0002, 4.04486E-0005
 7.200E-0002, 4.03265E-0005
 7.100E-0002, 4.02502E-0005
 7.000E-0002, 4.01129E-0005
 6.900E-0002, 4.00274E-0005
 6.800E-0002, 3.99237E-0005
 6.700E-0002, 3.98107E-0005
 6.600E-0002, 3.97375E-0005
 6.500E-0002, 3.96063E-0005
 6.400E-0002, 3.95178E-0005
 6.300E-0002, 3.94201E-0005
 6.200E-0002, 3.93133E-0005
 6.100E-0002, 3.92431E-0005
 6.000E-0002, 3.91149E-0005
 5.900E-0002, 3.90417E-0005
 5.800E-0002, 3.89440E-0005
 5.700E-0002, 3.88372E-0005
 5.600E-0002, 3.87701E-0005
 5.500E-0002, 3.86419E-0005
 5.400E-0002, 3.85687E-0005
 5.300E-0002, 3.84802E-0005
 5.200E-0002, 3.83825E-0005
 5.100E-0002, 3.83154E-0005
 5.000E-0002, 3.82085E-0005
 4.900E-0002, 3.81353E-0005
 4.800E-0002, 3.80529E-0005
 4.700E-0002, 3.79491E-0005
 4.600E-0002, 3.78942E-0005
 4.500E-0002, 3.77843E-0005
 4.400E-0002, 3.77141E-0005
 4.300E-0002, 3.76256E-0005
 4.200E-0002, 3.75310E-0005
 4.100E-0002, 3.74761E-0005
 4.000E-0002, 3.73754E-0005
 3.900E-0002, 3.73083E-0005
 3.800E-0002, 3.72289E-0005
 3.700E-0002, 3.71343E-0005
 3.600E-0002, 3.70855E-0005
 3.500E-0002, 3.69787E-0005
 3.400E-0002, 3.69207E-0005
 3.300E-0002, 3.68383E-0005
 3.200E-0002, 3.67498E-0005
 3.100E-0002, 3.67101E-0005
 3.000E-0002, 3.66063E-0005
 2.900E-0002, 3.65484E-0005
 2.800E-0002, 3.64812E-0005
 2.700E-0002, 3.63927E-0005
 2.600E-0002, 3.63561E-0005
 2.500E-0002, 3.62493E-0005
 2.400E-0002, 3.61943E-0005
 2.300E-0002, 3.61181E-0005
 2.200E-0002, 3.60387E-0005
 2.100E-0002, 3.59929E-0005
 2.000E-0002, 3.58983E-0005
 1.900E-0002, 3.58403E-0005
 1.800E-0002, 3.57793E-0005
 1.700E-0002, 3.57000E-0005
 1.600E-0002, 3.56633E-0005
 1.500E-0002, 3.55626E-0005
 1.400E-0002, 3.55260E-0005
 1.300E-0002, 3.54680E-0005
 1.200E-0002, 3.53765E-0005
 1.100E-0002, 3.53521E-0005
 1.000E-0002, 3.52574E-0005
 9.000E-0003, 3.52117E-0005
 8.000E-0003, 3.51506E-0005
 7.000E-0003, 3.50743E-0005
 6.000E-0003, 3.50469E-0005
 5.000E-0003, 3.49614E-0005
 4.000E-0003, 3.49156E-0005
 3.000E-0003, 3.48546E-0005
 2.000E-0003, 3.47783E-0005
 1.000E-0003, 3.47478E-0005
 0.000E+0000, 3.46684E-0005
-1.000E-0003, 3.46074E-0005
-2.000E-0003, 3.45586E-0005
-3.000E-0003, 3.44853E-0005
-4.000E-0003, 3.44670E-0005
-5.000E-0003, 3.43846E-0005
-6.000E-0003, 3.43480E-0005
-7.000E-0003, 3.42900E-0005
-8.000E-0003, 3.42320E-0005
-9.000E-0003, 3.42076E-0005
-1.000E-0002, 3.41191E-0005
-1.100E-0002, 3.40825E-0005
-1.200E-0002, 3.40428E-0005
-1.300E-0002, 3.39726E-0005
-1.400E-0002, 3.39482E-0005
-1.500E-0002, 3.38689E-0005
-1.600E-0002, 3.38292E-0005
-1.700E-0002, 3.37865E-0005
-1.800E-0002, 3.37254E-0005
-1.900E-0002, 3.37010E-0005
-2.000E-0002, 3.36339E-0005
-2.100E-0002, 3.35942E-0005
-2.200E-0002, 3.35484E-0005
-2.300E-0002, 3.34874E-0005
-2.400E-0002, 3.34721E-0005
-2.500E-0002, 3.33989E-0005
-2.600E-0002, 3.33623E-0005
-2.700E-0002, 3.33226E-0005
-2.800E-0002, 3.32524E-0005
-2.900E-0002, 3.32463E-0005
-3.000E-0002, 3.31761E-0005
-3.100E-0002, 3.31425E-0005
-3.200E-0002, 3.31090E-0005
-3.300E-0002, 3.30479E-0005
-3.400E-0002, 3.30357E-0005
-3.500E-0002, 3.29686E-0005
-3.600E-0002, 3.29320E-0005
-3.700E-0002, 3.28953E-0005
-3.800E-0002, 3.28465E-0005
-3.900E-0002, 3.28313E-0005
-4.000E-0002, 3.27641E-0005
-4.100E-0002, 3.27367E-0005
-4.200E-0002, 3.27000E-0005
-4.300E-0002, 3.26482E-0005
-4.400E-0002, 3.26420E-0005
-4.500E-0002, 3.25749E-0005
-4.600E-0002, 3.25505E-0005
-4.700E-0002, 3.25078E-0005
-4.800E-0002, 3.24650E-0005
-4.900E-0002, 3.24559E-0005
-5.000E-0002, 3.23887E-0005
-5.100E-0002, 3.23643E-0005
-5.200E-0002, 3.23369E-0005
-5.300E-0002, 3.22850E-0005
-5.400E-0002, 3.22697E-0005
-5.500E-0002, 3.22117E-0005
-5.600E-0002, 3.21965E-0005
-5.700E-0002, 3.21599E-0005
-5.800E-0002, 3.21080E-0005
-5.900E-0002, 3.21019E-0005
-6.000E-0002, 3.20469E-0005
-6.100E-0002, 3.20286E-0005
-6.200E-0002, 3.20103E-0005
-6.300E-0002, 3.19584E-0005
-6.400E-0002, 3.19584E-0005
-6.500E-0002, 3.18974E-0005
-6.600E-0002, 3.18730E-0005
-6.700E-0002, 3.18547E-0005
-6.800E-0002, 3.18120E-0005
-6.900E-0002, 3.18089E-0005
-7.000E-0002, 3.17479E-0005
-7.100E-0002, 3.17357E-0005
-7.200E-0002, 3.17082E-0005
-7.300E-0002, 3.16624E-0005
-7.400E-0002, 3.16624E-0005
-7.500E-0002, 3.16197E-0005
-7.600E-0002, 3.15983E-0005
-7.700E-0002, 3.15770E-0005
-7.800E-0002, 3.15342E-0005
-7.900E-0002, 3.15342E-0005
-8.000E-0002, 3.14763E-0005
-8.100E-0002, 3.14671E-0005
-8.200E-0002, 3.14518E-0005
-8.300E-0002, 3.14030E-0005
-8.400E-0002, 3.14091E-0005
-8.500E-0002, 3.13633E-0005
-8.600E-0002, 3.13481E-0005
-8.700E-0002, 3.13237E-0005
-8.800E-0002, 3.12840E-0005
-8.900E-0002, 3.12993E-0005
-9.000E-0002, 3.12474E-0005
-9.100E-0002, 3.12260E-0005
-9.200E-0002, 3.12138E-0005
-9.300E-0002, 3.11741E-0005
-9.400E-0002, 3.11802E-0005
-9.500E-0002, 3.11345E-0005
-9.600E-0002, 3.11253E-0005
-9.700E-0002, 3.11039E-0005
-9.800E-0002, 3.10673E-0005
-9.900E-0002, 3.10795E-0005
-1.000E-0001, 3.10337E-0005
-1.010E-0001, 3.10276E-0005
-1.020E-0001, 3.10093E-0005
-1.030E-0001, 3.09636E-0005
-1.040E-0001, 3.09727E-0005
-1.050E-0001, 3.09269E-0005
-1.060E-0001, 3.09208E-0005
-1.070E-0001, 3.09086E-0005
-1.080E-0001, 3.08751E-0005
-1.090E-0001, 3.08812E-0005
-1.100E-0001, 3.08354E-0005
-1.110E-0001, 3.08354E-0005
-1.120E-0001, 3.08262E-0005
-1.130E-0001, 3.07896E-0005
-1.140E-0001, 3.07927E-0005
-1.150E-0001, 3.07530E-0005
-1.160E-0001, 3.07408E-0005
-1.170E-0001, 3.07377E-0005
-1.180E-0001, 3.07011E-0005
-1.190E-0001, 3.07194E-0005
-1.200E-0001, 3.06736E-0005
-1.190E-0001, 3.03440E-0005
-1.180E-0001, 2.98558E-0005
-1.170E-0001, 2.94529E-0005
-1.160E-0001, 2.92240E-0005
-1.150E-0001, 2.90257E-0005
-1.140E-0001, 2.89158E-0005
-1.130E-0001, 2.88212E-0005
-1.120E-0001, 2.87205E-0005
-1.110E-0001, 2.86594E-0005
-1.100E-0001, 2.85496E-0005
-1.090E-0001, 2.84763E-0005
-1.080E-0001, 2.83970E-0005
-1.070E-0001, 2.82993E-0005
-1.060E-0001, 2.82444E-0005
-1.050E-0001, 2.81345E-0005
-1.040E-0001, 2.80674E-0005
-1.030E-0001, 2.79942E-0005
-1.020E-0001, 2.78995E-0005
-1.010E-0001, 2.78385E-0005
-1.000E-0001, 2.77378E-0005
-9.900E-0002, 2.76676E-0005
-9.800E-0002, 2.75974E-0005
-9.700E-0002, 2.75059E-0005
-9.600E-0002, 2.74601E-0005
-9.500E-0002, 2.73624E-0005
-9.400E-0002, 2.72983E-0005
-9.300E-0002, 2.72251E-0005
-9.200E-0002, 2.71366E-0005
-9.100E-0002, 2.70908E-0005
-9.000E-0002, 2.70023E-0005
-8.900E-0002, 2.69443E-0005
-8.800E-0002, 2.68802E-0005
-8.700E-0002, 2.67978E-0005
-8.600E-0002, 2.67582E-0005
-8.500E-0002, 2.66636E-0005
-8.400E-0002, 2.66147E-0005
-8.300E-0002, 2.65476E-0005
-8.200E-0002, 2.64682E-0005
-8.100E-0002, 2.64286E-0005
-8.000E-0002, 2.63370E-0005
-7.900E-0002, 2.62851E-0005
-7.800E-0002, 2.62333E-0005
-7.700E-0002, 2.61448E-0005
-7.600E-0002, 2.61173E-0005
-7.500E-0002, 2.60227E-0005
-7.400E-0002, 2.59800E-0005
-7.300E-0002, 2.59342E-0005
-7.200E-0002, 2.58579E-0005
-7.100E-0002, 2.58243E-0005
-7.000E-0002, 2.57389E-0005
-6.900E-0002, 2.56870E-0005
-6.800E-0002, 2.56351E-0005
-6.700E-0002, 2.55588E-0005
-6.600E-0002, 2.55283E-0005
-6.500E-0002, 2.54428E-0005
-6.400E-0002, 2.53940E-0005
-6.300E-0002, 2.53421E-0005
-6.200E-0002, 2.52750E-0005
-6.100E-0002, 2.52414E-0005
-6.000E-0002, 2.51682E-0005
-5.900E-0002, 2.51224E-0005
-5.800E-0002, 2.50766E-0005
-5.700E-0002, 2.50095E-0005
-5.600E-0002, 2.49820E-0005
-5.500E-0002, 2.49088E-0005
-5.400E-0002, 2.48722E-0005
-5.300E-0002, 2.48203E-0005
-5.200E-0002, 2.47623E-0005
-5.100E-0002, 2.47348E-0005
-5.000E-0002, 2.46585E-0005
-4.900E-0002, 2.46189E-0005
-4.800E-0002, 2.45731E-0005
-4.700E-0002, 2.44968E-0005
-4.600E-0002, 2.44846E-0005
-4.500E-0002, 2.44052E-0005
-4.400E-0002, 2.43747E-0005
-4.300E-0002, 2.43228E-0005
-4.200E-0002, 2.42587E-0005
-4.100E-0002, 2.42435E-0005
-4.000E-0002, 2.41641E-0005
-3.900E-0002, 2.41367E-0005
-3.800E-0002, 2.40909E-0005
-3.700E-0002, 2.40238E-0005
-3.600E-0002, 2.40054E-0005
-3.500E-0002, 2.39322E-0005
-3.400E-0002, 2.39017E-0005
-3.300E-0002, 2.38620E-0005
-3.200E-0002, 2.37949E-0005
-3.100E-0002, 2.37766E-0005
-3.000E-0002, 2.37064E-0005
-2.900E-0002, 2.36697E-0005
-2.800E-0002, 2.36270E-0005
-2.700E-0002, 2.35660E-0005
-2.600E-0002, 2.35477E-0005
-2.500E-0002, 2.34866E-0005
-2.400E-0002, 2.34531E-0005
-2.300E-0002, 2.34225E-0005
-2.200E-0002, 2.33585E-0005
-2.100E-0002, 2.33463E-0005
-2.000E-0002, 2.32852E-0005
-1.900E-0002, 2.32547E-0005
-1.800E-0002, 2.32089E-0005
-1.700E-0002, 2.31479E-0005
-1.600E-0002, 2.31235E-0005
-1.500E-0002, 2.30533E-0005
-1.400E-0002, 2.30167E-0005
-1.300E-0002, 2.29709E-0005
-1.200E-0002, 2.29190E-0005
-1.100E-0002, 2.29068E-0005
-1.000E-0002, 2.28580E-0005
-9.000E-0003, 2.28244E-0005
-8.000E-0003, 2.27878E-0005
-7.000E-0003, 2.27298E-0005
-6.000E-0003, 2.27054E-0005
-5.000E-0003, 2.26413E-0005
-4.000E-0003, 2.26199E-0005
-3.000E-0003, 2.25864E-0005
-2.000E-0003, 2.25345E-0005
-1.000E-0003, 2.25131E-0005
 0.000E+0000, 2.24551E-0005
 1.000E-0003, 2.24307E-0005
 2.000E-0003, 2.24002E-0005
 3.000E-0003, 2.23392E-0005
 4.000E-0003, 2.23239E-0005
 5.000E-0003, 2.22598E-0005
 6.000E-0003, 2.22323E-0005
 7.000E-0003, 2.21896E-0005
 8.000E-0003, 2.21377E-0005
 9.000E-0003, 2.21286E-0005
 1.000E-0002, 2.20645E-0005
 1.100E-0002, 2.20340E-0005
 1.200E-0002, 2.20065E-0005
 1.300E-0002, 2.19546E-0005
 1.400E-0002, 2.19424E-0005
 1.500E-0002, 2.18753E-0005
 1.600E-0002, 2.18539E-0005
 1.700E-0002, 2.18173E-0005
 1.800E-0002, 2.17685E-0005
 1.900E-0002, 2.17532E-0005
 2.000E-0002, 2.16952E-0005
 2.100E-0002, 2.16678E-0005
 2.200E-0002, 2.16372E-0005
 2.300E-0002, 2.15823E-0005
 2.400E-0002, 2.15701E-0005
 2.500E-0002, 2.14999E-0005
 2.600E-0002, 2.14877E-0005
 2.700E-0002, 2.14511E-0005
 2.800E-0002, 2.14084E-0005
 2.900E-0002, 2.13900E-0005
 3.000E-0002, 2.13260E-0005
 3.100E-0002, 2.12985E-0005
 3.200E-0002, 2.12802E-0005
 3.300E-0002, 2.12161E-0005
 3.400E-0002, 2.12100E-0005
 3.500E-0002, 2.11429E-0005
 3.600E-0002, 2.11184E-0005
 3.700E-0002, 2.10879E-0005
 3.800E-0002, 2.10360E-0005
 3.900E-0002, 2.10299E-0005
 4.000E-0002, 2.09689E-0005
 4.100E-0002, 2.09414E-0005
 4.200E-0002, 2.09079E-0005
 4.300E-0002, 2.08560E-0005
 4.400E-0002, 2.08438E-0005
 4.500E-0002, 2.07797E-0005
 4.600E-0002, 2.07583E-0005
 4.700E-0002, 2.07248E-0005
 4.800E-0002, 2.06729E-0005
 4.900E-0002, 2.06698E-0005
 5.000E-0002, 2.06027E-0005
 5.100E-0002, 2.05752E-0005
 5.200E-0002, 2.05416E-0005
 5.300E-0002, 2.04867E-0005
 5.400E-0002, 2.04837E-0005
 5.500E-0002, 2.04226E-0005
 5.600E-0002, 2.03921E-0005
 5.700E-0002, 2.03616E-0005
 5.800E-0002, 2.03067E-0005
 5.900E-0002, 2.03067E-0005
 6.000E-0002, 2.02334E-0005
 6.100E-0002, 2.02121E-0005
 6.200E-0002, 2.01815E-0005
 6.300E-0002, 2.01266E-0005
 6.400E-0002, 2.01174E-0005
 6.500E-0002, 2.00503E-0005
 6.600E-0002, 2.00198E-0005
 6.700E-0002, 1.99893E-0005
 6.800E-0002, 1.99404E-0005
 6.900E-0002, 1.99343E-0005
 7.000E-0002, 1.98580E-0005
 7.100E-0002, 1.98367E-0005
 7.200E-0002, 1.98001E-0005
 7.300E-0002, 1.97451E-0005
 7.400E-0002, 1.97390E-0005
 7.500E-0002, 1.96658E-0005
 7.600E-0002, 1.96505E-0005
 7.700E-0002, 1.96108E-0005
 7.800E-0002, 1.95590E-0005
 7.900E-0002, 1.95437E-0005
 8.000E-0002, 1.94735E-0005
 8.100E-0002, 1.94430E-0005
 8.200E-0002, 1.94064E-0005
 8.300E-0002, 1.93545E-0005
 8.400E-0002, 1.93423E-0005
 8.500E-0002, 1.92721E-0005
 8.600E-0002, 1.92416E-0005
 8.700E-0002, 1.92080E-0005
 8.800E-0002, 1.91500E-0005
 8.900E-0002, 1.91348E-0005
 9.000E-0002, 1.90615E-0005
 9.100E-0002, 1.90280E-0005
 9.200E-0002, 1.89883E-0005
 9.300E-0002, 1.89333E-0005
 9.400E-0002, 1.89181E-0005
 9.500E-0002, 1.88387E-0005
 9.600E-0002, 1.88113E-0005
 9.700E-0002, 1.87716E-0005
 9.800E-0002, 1.87045E-0005
 9.900E-0002, 1.86892E-0005
 1.000E-0001, 1.86068E-0005
 1.010E-0001, 1.85824E-0005
 1.020E-0001, 1.85366E-0005
 1.030E-0001, 1.84756E-0005
 1.040E-0001, 1.84481E-0005
 1.050E-0001, 1.83688E-0005
 1.060E-0001, 1.83352E-0005
 1.070E-0001, 1.82803E-0005
 1.080E-0001, 1.82192E-0005
 1.090E-0001, 1.81918E-0005
 1.100E-0001, 1.81063E-0005
 1.110E-0001, 1.80697E-0005
 1.120E-0001, 1.80148E-0005
 1.130E-0001, 1.79476E-0005
 1.140E-0001, 1.79232E-0005
 1.150E-0001, 1.78255E-0005
 1.160E-0001, 1.77889E-0005
 1.170E-0001, 1.77309E-0005
 1.180E-0001, 1.76516E-0005
 1.190E-0001, 1.76302E-0005
 1.200E-0001, 1.75326E-0005
 1.210E-0001, 1.74868E-0005
 1.220E-0001, 1.74227E-0005
 1.230E-0001, 1.73434E-0005
 1.240E-0001, 1.73037E-0005
 1.250E-0001, 1.72060E-0005
 1.260E-0001, 1.71511E-0005
 1.270E-0001, 1.70809E-0005
 1.280E-0001, 1.69954E-0005
 1.290E-0001, 1.69588E-0005
 1.300E-0001, 1.68520E-0005
 1.310E-0001, 1.68001E-0005
 1.320E-0001, 1.67177E-0005
 1.330E-0001, 1.66262E-0005
 1.340E-0001, 1.65865E-0005
 1.350E-0001, 1.64614E-0005
 1.360E-0001, 1.64034E-0005
 1.370E-0001, 1.63149E-0005
 1.380E-0001, 1.62111E-0005
 1.390E-0001, 1.61440E-0005
 1.400E-0001, 1.60189E-0005
 1.410E-0001, 1.59578E-0005
 1.420E-0001, 1.58541E-0005
 1.430E-0001, 1.57473E-0005
 1.440E-0001, 1.56771E-0005
 1.450E-0001, 1.55428E-0005
 1.460E-0001, 1.54665E-0005
 1.470E-0001, 1.53505E-0005
 1.480E-0001, 1.52285E-0005
 1.490E-0001, 1.51552E-0005
 1.500E-0001, 1.49904E-0005
 1.510E-0001, 1.49111E-0005
 1.520E-0001, 1.47798E-0005
 1.530E-0001, 1.46486E-0005
 1.540E-0001, 1.45571E-0005
 1.550E-0001, 1.43831E-0005
 1.560E-0001, 1.42885E-0005
 1.570E-0001, 1.41420E-0005
 1.580E-0001, 1.39955E-0005
 1.590E-0001, 1.38918E-0005
 1.600E-0001, 1.36995E-0005
 1.610E-0001, 1.35988E-0005
 1.620E-0001, 1.34370E-0005
 1.630E-0001, 1.32753E-0005
 1.640E-0001, 1.31532E-0005
 1.650E-0001, 1.29427E-0005
 1.660E-0001, 1.28084E-0005
 1.670E-0001, 1.26314E-0005
 1.680E-0001, 1.24544E-0005
 1.690E-0001, 1.22987E-0005
 1.700E-0001, 1.20668E-0005
 1.710E-0001, 1.19172E-0005
 1.720E-0001, 1.17219E-0005
 1.730E-0001, 1.15175E-0005
 1.740E-0001, 1.13527E-0005
 1.750E-0001, 1.11055E-0005
 1.760E-0001, 1.09346E-0005
 1.770E-0001, 1.07118E-0005
 1.780E-0001, 1.04859E-0005
 1.790E-0001, 1.03028E-0005
 1.800E-0001, 1.00282E-0005
 1.810E-0001, 9.83291E-0006
 1.820E-0001, 9.58266E-0006
 1.830E-0001, 9.33241E-0006
 1.840E-0001, 9.10963E-0006
 1.850E-0001, 8.80140E-0006
 1.860E-0001, 8.57862E-0006
 1.870E-0001, 8.29480E-0006
 1.880E-0001, 8.02319E-0006
 1.890E-0001, 7.77904E-0006
 1.900E-0001, 7.43114E-0006
 1.910E-0001, 7.18699E-0006
 1.920E-0001, 6.85435E-0006
 1.930E-0001, 6.56443E-0006
 1.940E-0001, 6.29892E-0006
 1.950E-0001, 5.92355E-0006
 1.960E-0001, 5.65499E-0006
 1.970E-0001, 5.29488E-0006
 1.980E-0001, 4.95613E-0006
 1.990E-0001, 4.65400E-0006
 2.000E-0001, 4.23895E-0006
 2.010E-0001, 3.94293E-0006
 2.020E-0001, 3.54924E-0006
 2.030E-0001, 3.17998E-0006
 2.040E-0001, 2.84733E-0006
 2.050E-0001, 2.40177E-0006
 2.060E-0001, 2.09353E-0006
 2.070E-0001, 1.67238E-0006
 2.080E-0001, 1.27260E-0006
 2.090E-0001, 8.91126E-0007
 2.100E-0001, 3.99786E-0007
 2.110E-0001, 5.49324E-0008
 2.120E-0001,-4.15045E-0007
 2.130E-0001,-8.42298E-0007
 2.140E-0001,-1.23903E-0006
 2.150E-0001,-1.75173E-0006
 2.160E-0001,-2.14236E-0006
 2.170E-0001,-2.64286E-0006
 2.180E-0001,-3.10063E-0006
 2.190E-0001,-3.52178E-0006
 2.200E-0001,-4.08331E-0006
 2.210E-0001,-4.48920E-0006
 2.220E-0001,-5.02327E-0006
 2.230E-0001,-5.49629E-0006
 2.240E-0001,-5.95101E-0006
 2.250E-0001,-6.53086E-0006
 2.260E-0001,-6.95811E-0006
 2.270E-0001,-7.51659E-0006
 2.280E-0001,-8.03234E-0006
 2.290E-0001,-8.51758E-0006
 2.300E-0001,-9.12184E-0006
 2.310E-0001,-9.55214E-0006
 2.320E-0001,-1.01350E-0005
 2.330E-0001,-1.06599E-0005
 2.340E-0001,-1.11635E-0005
 2.350E-0001,-1.17982E-0005
 2.360E-0001,-1.22590E-0005
 2.370E-0001,-1.28786E-0005
 2.380E-0001,-1.34279E-0005
 2.390E-0001,-1.39497E-0005
 2.400E-0001,-1.45937E-0005
 2.410E-0001,-1.50667E-0005
 2.420E-0001,-1.56832E-0005
 2.430E-0001,-1.62447E-0005
 2.440E-0001,-1.67635E-0005
 2.450E-0001,-1.74105E-0005
 2.460E-0001,-1.78988E-0005
 2.470E-0001,-1.85366E-0005
 2.480E-0001,-1.90951E-0005
 2.490E-0001,-1.96261E-0005
 2.500E-0001,-2.02914E-0005
 2.510E-0001,-2.07705E-0005
 2.520E-0001,-2.13839E-0005
 2.530E-0001,-2.19424E-0005
 2.540E-0001,-2.24612E-0005
 2.550E-0001,-2.31204E-0005
 2.560E-0001,-2.36087E-0005
 2.570E-0001,-2.42435E-0005
 2.580E-0001,-2.47989E-0005
 2.590E-0001,-2.52994E-0005
 2.600E-0001,-2.59342E-0005
 2.610E-0001,-2.63920E-0005
 2.620E-0001,-2.69962E-0005
 2.630E-0001,-2.75181E-0005
 2.640E-0001,-2.80186E-0005
 2.650E-0001,-2.86259E-0005
 2.660E-0001,-2.90684E-0005
 2.670E-0001,-2.96574E-0005
 2.680E-0001,-3.01579E-0005
 2.690E-0001,-3.06340E-0005
 2.700E-0001,-3.12321E-0005
 2.710E-0001,-3.16289E-0005
 2.720E-0001,-3.21599E-0005
 2.730E-0001,-3.26329E-0005
 2.740E-0001,-3.30571E-0005
 2.750E-0001,-3.36034E-0005
 2.760E-0001,-3.39543E-0005
 2.770E-0001,-3.44609E-0005
 2.780E-0001,-3.48729E-0005
 2.790E-0001,-3.52605E-0005
 2.800E-0001,-3.57732E-0005
 2.810E-0001,-3.60906E-0005
 2.820E-0001,-3.65392E-0005
 2.830E-0001,-3.68871E-0005
 2.840E-0001,-3.72137E-0005
 2.850E-0001,-3.76562E-0005
 2.860E-0001,-3.79186E-0005
 2.870E-0001,-3.83184E-0005
 2.880E-0001,-3.86358E-0005
 2.890E-0001,-3.89044E-0005
 2.900E-0001,-3.92919E-0005
 2.910E-0001,-3.94903E-0005
 2.920E-0001,-3.98290E-0005
 2.930E-0001,-4.00854E-0005
 2.940E-0001,-4.03021E-0005
 2.950E-0001,-4.06286E-0005
 2.960E-0001,-4.07690E-0005
 2.970E-0001,-4.10284E-0005
 2.980E-0001,-4.12146E-0005
 2.990E-0001,-4.13641E-0005
 3.000E-0001,-4.16144E-0005
 3.010E-0001,-4.17029E-0005
 3.020E-0001,-4.19012E-0005
 3.030E-0001,-4.20294E-0005
 3.040E-0001,-4.21087E-0005
 3.050E-0001,-4.22980E-0005
 3.060E-0001,-4.23193E-0005
 3.070E-0001,-4.24444E-0005
 3.080E-0001,-4.25024E-0005
 3.090E-0001,-4.25085E-0005
 3.100E-0001,-4.26367E-0005
 3.110E-0001,-4.25940E-0005
 3.120E-0001,-4.26581E-0005
 3.130E-0001,-4.26672E-0005
 3.140E-0001,-4.26337E-0005
 3.150E-0001,-4.27038E-0005
 3.160E-0001,-4.26123E-0005
 3.170E-0001,-4.26184E-0005
 3.180E-0001,-4.25696E-0005
 3.190E-0001,-4.24719E-0005
 3.200E-0001,-4.24902E-0005
 3.210E-0001,-4.23437E-0005
 3.220E-0001,-4.23041E-0005
 3.230E-0001,-4.22156E-0005
 3.240E-0001,-4.20843E-0005
 3.250E-0001,-4.20508E-0005
 3.260E-0001,-4.18738E-0005
 3.270E-0001,-4.17822E-0005
 3.280E-0001,-4.16418E-0005
 3.290E-0001,-4.14709E-0005
 3.300E-0001,-4.13916E-0005
 3.310E-0001,-4.11810E-0005
 3.320E-0001,-4.10559E-0005
 3.330E-0001,-4.08911E-0005
 3.340E-0001,-4.06744E-0005
 3.350E-0001,-4.05737E-0005
 3.360E-0001,-4.03387E-0005
 3.370E-0001,-4.01861E-0005
 3.380E-0001,-4.00122E-0005
 3.390E-0001,-3.97772E-0005
 3.400E-0001,-3.96490E-0005
 3.410E-0001,-3.93987E-0005
 3.420E-0001,-3.92095E-0005
 3.430E-0001,-3.90173E-0005
 3.440E-0001,-3.87701E-0005
 3.450E-0001,-3.86205E-0005
 3.460E-0001,-3.83642E-0005
 3.470E-0001,-3.81689E-0005
 3.480E-0001,-3.79613E-0005
 3.490E-0001,-3.77080E-0005
 3.500E-0001,-3.75494E-0005
 3.510E-0001,-3.72838E-0005
 3.520E-0001,-3.70794E-0005
 3.530E-0001,-3.68627E-0005
 3.540E-0001,-3.66063E-0005
 3.550E-0001,-3.64354E-0005
 3.560E-0001,-3.61791E-0005
 3.570E-0001,-3.59716E-0005
 3.580E-0001,-3.57579E-0005
 3.590E-0001,-3.54894E-0005
 3.600E-0001,-3.53307E-0005
 3.610E-0001,-3.50560E-0005
 3.620E-0001,-3.48424E-0005
 3.630E-0001,-3.46379E-0005
 3.640E-0001,-3.43724E-0005
 3.650E-0001,-3.42137E-0005
 3.660E-0001,-3.39513E-0005
 3.670E-0001,-3.37468E-0005
 3.680E-0001,-3.35423E-0005
 3.690E-0001,-3.32860E-0005
 3.700E-0001,-3.31242E-0005
 3.710E-0001,-3.28679E-0005
 3.720E-0001,-3.26604E-0005
 3.730E-0001,-3.24620E-0005
 3.740E-0001,-3.22178E-0005
 3.750E-0001,-3.20592E-0005
 3.760E-0001,-3.18120E-0005
 3.770E-0001,-3.16166E-0005
 3.780E-0001,-3.14274E-0005
 3.790E-0001,-3.11924E-0005
 3.800E-0001,-3.10429E-0005
 3.810E-0001,-3.08171E-0005
 3.820E-0001,-3.06309E-0005
 3.830E-0001,-3.04539E-0005
 3.840E-0001,-3.02342E-0005
 3.850E-0001,-3.00968E-0005
 3.860E-0001,-2.98741E-0005
 3.870E-0001,-2.96971E-0005
 3.880E-0001,-2.95384E-0005
 3.890E-0001,-2.93186E-0005
 3.900E-0001,-2.91844E-0005
 3.910E-0001,-2.89646E-0005
 3.920E-0001,-2.87907E-0005
 3.930E-0001,-2.86320E-0005
 3.940E-0001,-2.84031E-0005
 3.950E-0001,-2.82719E-0005
 3.960E-0001,-2.80552E-0005
 3.970E-0001,-2.78751E-0005
 3.980E-0001,-2.77134E-0005
 3.990E-0001,-2.74906E-0005
 4.000E-0001,-2.73746E-0005
 4.010E-0001,-2.71702E-0005
 4.020E-0001,-2.69962E-0005
 4.030E-0001,-2.68497E-0005
 4.040E-0001,-2.66392E-0005
 4.050E-0001,-2.65384E-0005
 4.060E-0001,-2.63462E-0005
 4.070E-0001,-2.61936E-0005
 4.080E-0001,-2.60563E-0005
 4.090E-0001,-2.58579E-0005
 4.100E-0001,-2.57297E-0005
 4.110E-0001,-2.55436E-0005
 4.120E-0001,-2.54062E-0005
 4.130E-0001,-2.52903E-0005
 4.140E-0001,-2.51102E-0005
 4.150E-0001,-2.50217E-0005
 4.160E-0001,-2.48569E-0005
 4.170E-0001,-2.47104E-0005
 4.180E-0001,-2.46036E-0005
 4.190E-0001,-2.44205E-0005
 4.200E-0001,-2.43381E-0005
 4.210E-0001,-2.41824E-0005
 4.220E-0001,-2.40451E-0005
 4.230E-0001,-2.39322E-0005
 4.240E-0001,-2.37644E-0005
 4.250E-0001,-2.36850E-0005
 4.260E-0001,-2.35294E-0005
 4.270E-0001,-2.34134E-0005
 4.280E-0001,-2.33096E-0005
 4.290E-0001,-2.31418E-0005
 4.300E-0001,-2.30746E-0005
 4.310E-0001,-2.29221E-0005
 4.320E-0001,-2.28030E-0005
 4.330E-0001,-2.27115E-0005
 4.340E-0001,-2.25497E-0005
 4.350E-0001,-2.24887E-0005
 4.360E-0001,-2.23453E-0005
 4.370E-0001,-2.22323E-0005
 4.380E-0001,-2.21377E-0005
 4.390E-0001,-2.19913E-0005
 4.400E-0001,-2.19394E-0005
 4.410E-0001,-2.18020E-0005
 4.420E-0001,-2.16891E-0005
 4.430E-0001,-2.16128E-0005
 4.440E-0001,-2.14633E-0005
 4.450E-0001,-2.14145E-0005
 4.460E-0001,-2.12771E-0005
 4.470E-0001,-2.11734E-0005
 4.480E-0001,-2.10910E-0005
 4.490E-0001,-2.09506E-0005
 4.500E-0001,-2.08987E-0005
 4.510E-0001,-2.07858E-0005
 4.520E-0001,-2.06851E-0005
 4.530E-0001,-2.06149E-0005
 4.540E-0001,-2.04715E-0005
 4.550E-0001,-2.04318E-0005
 4.560E-0001,-2.03128E-0005
 4.570E-0001,-2.02151E-0005
 4.580E-0001,-2.01449E-0005
 4.590E-0001,-2.00198E-0005
 4.600E-0001,-1.99862E-0005
 4.610E-0001,-1.98641E-0005
 4.620E-0001,-1.97787E-0005
 4.630E-0001,-1.97177E-0005
 4.640E-0001,-1.95803E-0005
 4.650E-0001,-1.95529E-0005
 4.660E-0001,-1.94308E-0005
 4.670E-0001,-1.93545E-0005
 4.680E-0001,-1.92965E-0005
 4.690E-0001,-1.91653E-0005
 4.700E-0001,-1.91439E-0005
 4.710E-0001,-1.90280E-0005
 4.720E-0001,-1.89486E-0005
 4.730E-0001,-1.88876E-0005
 4.740E-0001,-1.87655E-0005
 4.750E-0001,-1.87380E-0005
 4.760E-0001,-1.86343E-0005
 4.770E-0001,-1.85580E-0005
 4.780E-0001,-1.85152E-0005
 4.790E-0001,-1.83932E-0005
 4.800E-0001,-1.83749E-0005
 4.810E-0001,-1.82681E-0005
 4.820E-0001,-1.81826E-0005
 4.830E-0001,-1.81460E-0005
 4.840E-0001,-1.80270E-0005
 4.850E-0001,-1.80148E-0005
 4.860E-0001,-1.79079E-0005
 4.870E-0001,-1.78347E-0005
 4.880E-0001,-1.77920E-0005
 4.890E-0001,-1.76821E-0005
 4.900E-0001,-1.76668E-0005
 4.910E-0001,-1.75692E-0005
 4.920E-0001,-1.75020E-0005
 4.930E-0001,-1.74685E-0005
 4.940E-0001,-1.73525E-0005
 4.950E-0001,-1.73434E-0005
 4.960E-0001,-1.72457E-0005
 4.970E-0001,-1.71725E-0005
 4.980E-0001,-1.71450E-0005
 4.990E-0001,-1.70382E-0005
 5.000E-0001,-1.70290E-0005
 5.010E-0001,-1.69283E-0005
 5.020E-0001,-1.68703E-0005
 5.030E-0001,-1.68337E-0005
 5.040E-0001,-1.67330E-0005
 5.050E-0001,-1.67238E-0005
 5.060E-0001,-1.66323E-0005
 5.070E-0001,-1.65774E-0005
 5.080E-0001,-1.65377E-0005
 5.090E-0001,-1.64400E-0005
 5.100E-0001,-1.64400E-0005
 5.110E-0001,-1.63454E-0005
 5.120E-0001,-1.62874E-0005
 5.130E-0001,-1.62539E-0005
 5.140E-0001,-1.61562E-0005
 5.150E-0001,-1.61654E-0005
 5.160E-0001,-1.60738E-0005
 5.170E-0001,-1.60158E-0005
 5.180E-0001,-1.59884E-0005
 5.190E-0001,-1.58815E-0005
 5.200E-0001,-1.58937E-0005
 5.210E-0001,-1.58022E-0005
 5.220E-0001,-1.57564E-0005
 5.230E-0001,-1.57228E-0005
 5.240E-0001,-1.56343E-0005
 5.250E-0001,-1.56404E-0005
 5.260E-0001,-1.55458E-0005
 5.270E-0001,-1.55001E-0005
 5.280E-0001,-1.54757E-0005
 5.290E-0001,-1.53780E-0005
 5.300E-0001,-1.53902E-0005
 5.310E-0001,-1.53047E-0005
 5.320E-0001,-1.52559E-0005
 5.330E-0001,-1.52437E-0005
 5.340E-0001,-1.51400E-0005
 5.350E-0001,-1.51613E-0005
 5.360E-0001,-1.50759E-0005
 5.370E-0001,-1.50270E-0005
 5.380E-0001,-1.49996E-0005
 5.390E-0001,-1.49080E-0005
 5.400E-0001,-1.49263E-0005
 5.410E-0001,-1.48439E-0005
 5.420E-0001,-1.48012E-0005
 5.430E-0001,-1.47859E-0005
 5.440E-0001,-1.46883E-0005
 5.450E-0001,-1.47127E-0005
 5.460E-0001,-1.46303E-0005
 5.470E-0001,-1.45876E-0005
 5.480E-0001,-1.45723E-0005
 5.490E-0001,-1.44808E-0005
 5.500E-0001,-1.44991E-0005
 5.510E-0001,-1.44228E-0005
 5.520E-0001,-1.43739E-0005
 5.530E-0001,-1.43648E-0005
 5.540E-0001,-1.42732E-0005
 5.550E-0001,-1.43038E-0005
 5.560E-0001,-1.42183E-0005
 5.570E-0001,-1.41786E-0005
 5.580E-0001,-1.41695E-0005
 5.590E-0001,-1.40871E-0005
 5.600E-0001,-1.41084E-0005
 5.610E-0001,-1.40383E-0005
 5.620E-0001,-1.39833E-0005
 5.630E-0001,-1.39711E-0005
 5.640E-0001,-1.38918E-0005
 5.650E-0001,-1.39253E-0005
 5.660E-0001,-1.38490E-0005
 5.670E-0001,-1.38063E-0005
 5.680E-0001,-1.38033E-0005
 5.690E-0001,-1.37087E-0005
 5.700E-0001,-1.37453E-0005
 5.710E-0001,-1.36659E-0005
 5.720E-0001,-1.36263E-0005
 5.730E-0001,-1.36232E-0005
 5.740E-0001,-1.35347E-0005
 5.750E-0001,-1.35683E-0005
 5.760E-0001,-1.34859E-0005
 5.770E-0001,-1.34554E-0005
 5.780E-0001,-1.34462E-0005
 5.790E-0001,-1.33638E-0005
 5.800E-0001,-1.34004E-0005
 5.810E-0001,-1.33150E-0005
 5.820E-0001,-1.32906E-0005
 5.830E-0001,-1.32936E-0005
 5.840E-0001,-1.32082E-0005
 5.850E-0001,-1.32356E-0005
 5.860E-0001,-1.31685E-0005
 5.870E-0001,-1.31349E-0005
 5.880E-0001,-1.31319E-0005
 5.890E-0001,-1.30464E-0005
 5.900E-0001,-1.30739E-0005
 5.910E-0001,-1.30098E-0005
 5.920E-0001,-1.29823E-0005
 5.930E-0001,-1.29762E-0005
 5.940E-0001,-1.28999E-0005
 5.950E-0001,-1.29365E-0005
 5.960E-0001,-1.28633E-0005
 5.970E-0001,-1.28358E-0005
 5.980E-0001,-1.28358E-0005
 5.990E-0001,-1.27534E-0005
 6.000E-0001,-1.27901E-0005
 6.010E-0001,-1.27199E-0005
 6.020E-0001,-1.26832E-0005
 6.030E-0001,-1.26924E-0005
 6.040E-0001,-1.26070E-0005
 6.050E-0001,-1.26588E-0005
 6.060E-0001,-1.25856E-0005
 6.070E-0001,-1.25612E-0005
 6.080E-0001,-1.25642E-0005
 6.090E-0001,-1.24788E-0005
 6.100E-0001,-1.25154E-0005
 6.110E-0001,-1.24483E-0005
 6.120E-0001,-1.24269E-0005
 6.130E-0001,-1.24361E-0005
 6.140E-0001,-1.23506E-0005
 6.150E-0001,-1.23842E-0005
 6.160E-0001,-1.23201E-0005
 6.170E-0001,-1.22987E-0005
 6.180E-0001,-1.23048E-0005
 6.190E-0001,-1.22255E-0005
 6.200E-0001,-1.22682E-0005
 6.210E-0001,-1.22041E-0005
 6.220E-0001,-1.21797E-0005
 6.230E-0001,-1.21828E-0005
 6.240E-0001,-1.21034E-0005
 6.250E-0001,-1.21522E-0005
 6.260E-0001,-1.20759E-0005
 6.270E-0001,-1.20546E-0005
 6.280E-0001,-1.20607E-0005
 6.290E-0001,-1.19844E-0005
 6.300E-0001,-1.20393E-0005
 6.310E-0001,-1.19722E-0005
 6.320E-0001,-1.19478E-0005
 6.330E-0001,-1.19569E-0005
 6.340E-0001,-1.18806E-0005
 6.350E-0001,-1.19295E-0005
 6.360E-0001,-1.18623E-0005
 6.370E-0001,-1.18410E-0005
 6.380E-0001,-1.18440E-0005
 6.390E-0001,-1.17738E-0005
 6.400E-0001,-1.18257E-0005
 6.410E-0001,-1.17524E-0005
 6.420E-0001,-1.17402E-0005
 6.430E-0001,-1.17463E-0005
 6.440E-0001,-1.16792E-0005
 6.450E-0001,-1.17128E-0005
 6.460E-0001,-1.16517E-0005
 6.470E-0001,-1.16365E-0005
 6.480E-0001,-1.16487E-0005
 6.490E-0001,-1.15815E-0005
 6.500E-0001,-1.16273E-0005
 6.510E-0001,-1.15602E-0005
 6.520E-0001,-1.15480E-0005
 6.530E-0001,-1.15571E-0005
 6.540E-0001,-1.14778E-0005
 6.550E-0001,-1.15358E-0005
 6.560E-0001,-1.14686E-0005
 6.570E-0001,-1.14564E-0005
 6.580E-0001,-1.14717E-0005
 6.590E-0001,-1.13923E-0005
 6.600E-0001,-1.14503E-0005
 6.610E-0001,-1.13862E-0005
 6.620E-0001,-1.13679E-0005
 6.630E-0001,-1.13832E-0005
 6.640E-0001,-1.13099E-0005
 6.650E-0001,-1.13679E-0005
 6.660E-0001,-1.13130E-0005
 6.670E-0001,-1.12947E-0005
 6.680E-0001,-1.13069E-0005
 6.690E-0001,-1.12397E-0005
 6.700E-0001,-1.12947E-0005
 6.710E-0001,-1.12214E-0005
 6.720E-0001,-1.12123E-0005
 6.730E-0001,-1.12275E-0005
 6.740E-0001,-1.11543E-0005
 6.750E-0001,-1.12123E-0005
 6.760E-0001,-1.11451E-0005
 6.770E-0001,-1.11421E-0005
 6.780E-0001,-1.11512E-0005
 6.790E-0001,-1.10841E-0005
 6.800E-0001,-1.11421E-0005
 6.810E-0001,-1.10749E-0005
 6.820E-0001,-1.10749E-0005
 6.830E-0001,-1.10872E-0005
 6.840E-0001,-1.10139E-0005
 6.850E-0001,-1.10780E-0005
 6.860E-0001,-1.10139E-0005
 6.870E-0001,-1.10017E-0005
 6.880E-0001,-1.10200E-0005
 6.890E-0001,-1.09529E-0005
 6.900E-0001,-1.10170E-0005
 6.910E-0001,-1.09529E-0005
 6.920E-0001,-1.09315E-0005
 6.930E-0001,-1.09529E-0005
 6.940E-0001,-1.08888E-0005
 6.950E-0001,-1.09590E-0005
 6.960E-0001,-1.09040E-0005
 6.970E-0001,-1.08888E-0005
 6.980E-0001,-1.09040E-0005
 6.990E-0001,-1.08369E-0005
 7.000E-0001,-1.08979E-0005
 7.010E-0001,-1.08461E-0005
 7.020E-0001,-1.08400E-0005
 7.030E-0001,-1.08583E-0005
 7.040E-0001,-1.07881E-0005
 7.050E-0001,-1.08522E-0005
 7.060E-0001,-1.07911E-0005
 7.070E-0001,-1.07881E-0005
 7.080E-0001,-1.08064E-0005
 7.090E-0001,-1.07392E-0005
 7.100E-0001,-1.08064E-0005
 7.110E-0001,-1.07392E-0005
 7.120E-0001,-1.07392E-0005
 7.130E-0001,-1.07606E-0005
 7.140E-0001,-1.06935E-0005
 7.150E-0001,-1.07667E-0005
 7.160E-0001,-1.07026E-0005
 7.170E-0001,-1.06996E-0005
 7.180E-0001,-1.07148E-0005
 7.190E-0001,-1.06416E-0005
 7.200E-0001,-1.07148E-0005
 7.210E-0001,-1.06660E-0005
 7.220E-0001,-1.06599E-0005
 7.230E-0001,-1.06843E-0005
 7.240E-0001,-1.06141E-0005
 7.250E-0001,-1.06843E-0005
 7.260E-0001,-1.06355E-0005
 7.270E-0001,-1.06294E-0005
 7.280E-0001,-1.06599E-0005
 7.290E-0001,-1.05897E-0005
 7.300E-0001,-1.06507E-0005
 7.310E-0001,-1.05958E-0005
 7.320E-0001,-1.05928E-0005
 7.330E-0001,-1.06172E-0005
 7.340E-0001,-1.05592E-0005
 7.350E-0001,-1.06294E-0005
 7.360E-0001,-1.05683E-0005
 7.370E-0001,-1.05622E-0005
 7.380E-0001,-1.05897E-0005
 7.390E-0001,-1.05287E-0005
 7.400E-0001,-1.05958E-0005
 7.410E-0001,-1.05531E-0005
 7.420E-0001,-1.05439E-0005
 7.430E-0001,-1.05653E-0005
 7.440E-0001,-1.05012E-0005
 7.450E-0001,-1.05714E-0005
 7.460E-0001,-1.05226E-0005
 7.470E-0001,-1.05256E-0005
 7.480E-0001,-1.05470E-0005
 7.490E-0001,-1.04859E-0005
 7.500E-0001,-1.05561E-0005
 7.510E-0001,-1.05073E-0005
 7.520E-0001,-1.04982E-0005
 7.530E-0001,-1.05287E-0005
 7.540E-0001,-1.04676E-0005
 7.550E-0001,-1.05470E-0005
 7.560E-0001,-1.04890E-0005
 7.570E-0001,-1.04859E-0005
 7.580E-0001,-1.05195E-0005
 7.590E-0001,-1.04554E-0005
 7.600E-0001,-1.05226E-0005
 7.610E-0001,-1.04798E-0005
 7.620E-0001,-1.04768E-0005
 7.630E-0001,-1.05012E-0005
 7.640E-0001,-1.04402E-0005
 7.650E-0001,-1.05195E-0005
 7.660E-0001,-1.04737E-0005
 7.670E-0001,-1.04737E-0005
 7.680E-0001,-1.05104E-0005
 7.690E-0001,-1.04493E-0005
 7.700E-0001,-1.05226E-0005
 7.710E-0001,-1.04676E-0005
 7.720E-0001,-1.04676E-0005
 7.730E-0001,-1.04951E-0005
 7.740E-0001,-1.04493E-0005
 7.750E-0001,-1.05165E-0005
 7.760E-0001,-1.04737E-0005
 7.770E-0001,-1.04768E-0005
 7.780E-0001,-1.05012E-0005
 7.790E-0001,-1.04524E-0005
 7.800E-0001,-1.05317E-0005
 7.810E-0001,-1.04829E-0005
 7.820E-0001,-1.04859E-0005
 7.830E-0001,-1.05134E-0005
 7.840E-0001,-1.04554E-0005
 7.850E-0001,-1.05378E-0005
 7.860E-0001,-1.04890E-0005
 7.870E-0001,-1.05043E-0005
 7.880E-0001,-1.05317E-0005
 7.890E-0001,-1.04798E-0005
 7.900E-0001,-1.05470E-0005
 7.910E-0001,-1.05104E-0005
 7.920E-0001,-1.05195E-0005
 7.930E-0001,-1.05470E-0005
 7.940E-0001,-1.04921E-0005
 7.950E-0001,-1.05653E-0005
 7.960E-0001,-1.05226E-0005
 7.970E-0001,-1.05378E-0005
 7.980E-0001,-1.05745E-0005
 7.990E-0001,-1.05287E-0005
 8.000E-0001,-1.06080E-0005
