
 7.990E-0001,-1.12916E-0006
 7.980E-0001,-1.07423E-0006
 7.970E-0001,-1.03150E-0006
 7.960E-0001,-9.85732E-0007
 7.950E-0001,-9.46059E-0007
 7.940E-0001,-9.06385E-0007
 7.930E-0001,-8.66712E-0007
 7.920E-0001,-8.48401E-0007
 7.910E-0001,-8.14831E-0007
 7.900E-0001,-7.84313E-0007
 7.890E-0001,-7.59899E-0007
 7.880E-0001,-7.38536E-0007
 7.870E-0001,-7.17174E-0007
 7.860E-0001,-6.92759E-0007
 7.850E-0001,-6.74448E-0007
 7.840E-0001,-6.46982E-0007
 7.830E-0001,-6.31723E-0007
 7.820E-0001,-6.19516E-0007
 7.810E-0001,-5.98153E-0007
 7.800E-0001,-5.82894E-0007
 7.790E-0001,-5.61532E-0007
 7.780E-0001,-5.52376E-0007
 7.770E-0001,-5.43221E-0007
 7.760E-0001,-5.24910E-0007
 7.750E-0001,-5.15754E-0007
 7.740E-0001,-5.03547E-0007
 7.730E-0001,-4.88288E-0007
 7.720E-0001,-4.73029E-0007
 7.710E-0001,-4.60822E-0007
 7.700E-0001,-4.48615E-0007
 7.690E-0001,-4.36408E-0007
 7.680E-0001,-4.27252E-0007
 7.670E-0001,-4.27252E-0007
 7.660E-0001,-4.05889E-0007
 7.650E-0001,-4.02838E-0007
 7.640E-0001,-3.93682E-0007
 7.630E-0001,-3.84527E-0007
 7.620E-0001,-3.78423E-0007
 7.610E-0001,-3.63164E-0007
 7.600E-0001,-3.47905E-0007
 7.590E-0001,-3.50957E-0007
 7.580E-0001,-3.47905E-0007
 7.570E-0001,-3.32646E-0007
 7.560E-0001,-3.26543E-0007
 7.550E-0001,-3.23491E-0007
 7.540E-0001,-3.14335E-0007
 7.530E-0001,-3.05180E-0007
 7.520E-0001,-3.05180E-0007
 7.510E-0001,-2.96025E-0007
 7.500E-0001,-2.92973E-0007
 7.490E-0001,-2.89921E-0007
 7.480E-0001,-2.83817E-0007
 7.470E-0001,-2.74662E-0007
 7.460E-0001,-2.65506E-0007
 7.450E-0001,-2.56351E-0007
 7.440E-0001,-2.56351E-0007
 7.430E-0001,-2.59403E-0007
 7.420E-0001,-2.44144E-0007
 7.410E-0001,-2.44144E-0007
 7.400E-0001,-2.41092E-0007
 7.390E-0001,-2.38040E-0007
 7.380E-0001,-2.22781E-0007
 7.370E-0001,-2.22781E-0007
 7.360E-0001,-2.22781E-0007
 7.350E-0001,-2.13626E-0007
 7.340E-0001,-2.13626E-0007
 7.330E-0001,-2.04470E-0007
 7.320E-0001,-2.01419E-0007
 7.310E-0001,-1.98367E-0007
 7.300E-0001,-1.95315E-0007
 7.290E-0001,-1.92263E-0007
 7.280E-0001,-1.83108E-0007
 7.270E-0001,-1.86160E-0007
 7.260E-0001,-1.73952E-0007
 7.250E-0001,-1.70901E-0007
 7.240E-0001,-1.67849E-0007
 7.230E-0001,-1.64797E-0007
 7.220E-0001,-1.64797E-0007
 7.210E-0001,-1.61745E-0007
 7.200E-0001,-1.55642E-0007
 7.190E-0001,-1.58693E-0007
 7.180E-0001,-1.58693E-0007
 7.170E-0001,-1.46486E-0007
 7.160E-0001,-1.52590E-0007
 7.150E-0001,-1.52590E-0007
 7.140E-0001,-1.37331E-0007
 7.130E-0001,-1.34279E-0007
 7.120E-0001,-1.37331E-0007
 7.110E-0001,-1.28175E-0007
 7.100E-0001,-1.31227E-0007
 7.090E-0001,-1.25123E-0007
 7.080E-0001,-1.19020E-0007
 7.070E-0001,-1.19020E-0007
 7.060E-0001,-1.22072E-0007
 7.050E-0001,-1.15968E-0007
 7.040E-0001,-1.15968E-0007
 7.030E-0001,-1.15968E-0007
 7.020E-0001,-1.09864E-0007
 7.010E-0001,-1.06813E-0007
 7.000E-0001,-1.12916E-0007
 6.990E-0001,-1.03761E-0007
 6.980E-0001,-1.06813E-0007
 6.970E-0001,-1.06813E-0007
 6.960E-0001,-1.00709E-0007
 6.950E-0001,-1.03761E-0007
 6.940E-0001,-8.85023E-0008
 6.930E-0001,-8.85023E-0008
 6.920E-0001,-8.23987E-0008
 6.910E-0001,-8.23987E-0008
 6.900E-0001,-8.54505E-0008
 6.890E-0001,-9.15541E-0008
 6.880E-0001,-8.54505E-0008
 6.870E-0001,-7.93469E-0008
 6.860E-0001,-7.93469E-0008
 6.850E-0001,-7.32433E-0008
 6.840E-0001,-7.01915E-0008
 6.830E-0001,-7.62951E-0008
 6.820E-0001,-7.01915E-0008
 6.810E-0001,-7.32433E-0008
 6.800E-0001,-7.93469E-0008
 6.790E-0001,-7.32433E-0008
 6.780E-0001,-7.01915E-0008
 6.770E-0001,-7.01915E-0008
 6.760E-0001,-7.01915E-0008
 6.750E-0001,-6.10360E-0008
 6.740E-0001,-6.40878E-0008
 6.730E-0001,-5.49324E-0008
 6.720E-0001,-6.40878E-0008
 6.710E-0001,-5.49324E-0008
 6.700E-0001,-5.79842E-0008
 6.690E-0001,-4.27252E-0008
 6.680E-0001,-5.79842E-0008
 6.670E-0001,-5.79842E-0008
 6.660E-0001,-4.27252E-0008
 6.650E-0001,-4.88288E-0008
 6.640E-0001,-5.18806E-0008
 6.630E-0001,-4.88288E-0008
 6.620E-0001,-4.57770E-0008
 6.610E-0001,-4.57770E-0008
 6.600E-0001,-3.66216E-0008
 6.590E-0001,-4.27252E-0008
 6.580E-0001,-4.27252E-0008
 6.570E-0001,-4.27252E-0008
 6.560E-0001,-4.57770E-0008
 6.550E-0001,-3.66216E-0008
 6.540E-0001,-3.35698E-0008
 6.530E-0001,-3.35698E-0008
 6.520E-0001,-3.35698E-0008
 6.510E-0001,-3.35698E-0008
 6.500E-0001,-3.35698E-0008
 6.490E-0001,-3.35698E-0008
 6.480E-0001,-3.05180E-0008
 6.470E-0001,-3.05180E-0008
 6.460E-0001,-3.35698E-0008
 6.450E-0001,-2.44144E-0008
 6.440E-0001,-2.74662E-0008
 6.430E-0001,-2.13626E-0008
 6.420E-0001,-2.44144E-0008
 6.410E-0001,-2.44144E-0008
 6.400E-0001,-2.44144E-0008
 6.390E-0001,-1.52590E-0008
 6.380E-0001,-1.83108E-0008
 6.370E-0001,-2.13626E-0008
 6.360E-0001,-2.13626E-0008
 6.350E-0001,-1.83108E-0008
 6.340E-0001,-2.13626E-0008
 6.330E-0001,-1.22072E-0008
 6.320E-0001,-1.52590E-0008
 6.310E-0001,-1.83108E-0008
 6.300E-0001,-1.52590E-0008
 6.290E-0001,-1.52590E-0008
 6.280E-0001,-1.22072E-0008
 6.270E-0001,-9.15541E-0009
 6.260E-0001,-6.10360E-0009
 6.250E-0001, 0.00000E+0000
 6.240E-0001,-6.10360E-0009
 6.230E-0001,-1.22072E-0008
 6.220E-0001,-9.15541E-0009
 6.210E-0001,-9.15541E-0009
 6.200E-0001,-6.10360E-0009
 6.190E-0001, 0.00000E+0000
 6.180E-0001, 9.15541E-0009
 6.170E-0001, 0.00000E+0000
 6.160E-0001,-3.05180E-0009
 6.150E-0001, 0.00000E+0000
 6.140E-0001, 0.00000E+0000
 6.130E-0001,-3.05180E-0009
 6.120E-0001,-3.05180E-0009
 6.110E-0001, 9.15541E-0009
 6.100E-0001, 6.10360E-0009
 6.090E-0001, 6.10360E-0009
 6.080E-0001, 6.10360E-0009
 6.070E-0001, 9.15541E-0009
 6.060E-0001, 9.15541E-0009
 6.050E-0001, 9.15541E-0009
 6.040E-0001, 1.22072E-0008
 6.030E-0001, 6.10360E-0009
 6.020E-0001, 3.05180E-0009
 6.010E-0001, 1.83108E-0008
 6.000E-0001, 9.15541E-0009
 5.990E-0001, 1.52590E-0008
 5.980E-0001, 1.52590E-0008
 5.970E-0001, 1.83108E-0008
 5.960E-0001, 1.22072E-0008
 5.950E-0001, 1.52590E-0008
 5.940E-0001, 2.13626E-0008
 5.930E-0001, 2.13626E-0008
 5.920E-0001, 1.52590E-0008
 5.910E-0001, 2.44144E-0008
 5.900E-0001, 1.52590E-0008
 5.890E-0001, 2.13626E-0008
 5.880E-0001, 2.13626E-0008
 5.870E-0001, 1.83108E-0008
 5.860E-0001, 1.83108E-0008
 5.850E-0001, 2.13626E-0008
 5.840E-0001, 2.13626E-0008
 5.830E-0001, 2.13626E-0008
 5.820E-0001, 2.13626E-0008
 5.810E-0001, 3.35698E-0008
 5.800E-0001, 3.05180E-0008
 5.790E-0001, 2.74662E-0008
 5.780E-0001, 2.74662E-0008
 5.770E-0001, 2.74662E-0008
 5.760E-0001, 3.05180E-0008
 5.750E-0001, 2.44144E-0008
 5.740E-0001, 3.05180E-0008
 5.730E-0001, 3.05180E-0008
 5.720E-0001, 2.74662E-0008
 5.710E-0001, 3.35698E-0008
 5.700E-0001, 3.35698E-0008
 5.690E-0001, 3.05180E-0008
 5.680E-0001, 3.05180E-0008
 5.670E-0001, 3.66216E-0008
 5.660E-0001, 3.35698E-0008
 5.650E-0001, 3.05180E-0008
 5.640E-0001, 3.35698E-0008
 5.630E-0001, 3.66216E-0008
 5.620E-0001, 4.57770E-0008
 5.610E-0001, 3.66216E-0008
 5.600E-0001, 3.96734E-0008
 5.590E-0001, 3.96734E-0008
 5.580E-0001, 4.57770E-0008
 5.570E-0001, 3.96734E-0008
 5.560E-0001, 4.57770E-0008
 5.550E-0001, 4.57770E-0008
 5.540E-0001, 3.96734E-0008
 5.530E-0001, 4.88288E-0008
 5.520E-0001, 4.27252E-0008
 5.510E-0001, 4.88288E-0008
 5.500E-0001, 5.18806E-0008
 5.490E-0001, 5.49324E-0008
 5.480E-0001, 4.57770E-0008
 5.470E-0001, 4.57770E-0008
 5.460E-0001, 4.57770E-0008
 5.450E-0001, 5.49324E-0008
 5.440E-0001, 4.88288E-0008
 5.430E-0001, 5.49324E-0008
 5.420E-0001, 5.79842E-0008
 5.410E-0001, 5.49324E-0008
 5.400E-0001, 5.49324E-0008
 5.390E-0001, 3.96734E-0008
 5.380E-0001, 4.88288E-0008
 5.370E-0001, 5.18806E-0008
 5.360E-0001, 5.79842E-0008
 5.350E-0001, 5.79842E-0008
 5.340E-0001, 6.10360E-0008
 5.330E-0001, 5.79842E-0008
 5.320E-0001, 5.49324E-0008
 5.310E-0001, 6.71396E-0008
 5.300E-0001, 6.10360E-0008
 5.290E-0001, 6.10360E-0008
 5.280E-0001, 6.40878E-0008
 5.270E-0001, 6.71396E-0008
 5.260E-0001, 6.10360E-0008
 5.250E-0001, 5.79842E-0008
 5.240E-0001, 5.49324E-0008
 5.230E-0001, 6.10360E-0008
 5.220E-0001, 6.40878E-0008
 5.210E-0001, 6.10360E-0008
 5.200E-0001, 6.40878E-0008
 5.190E-0001, 7.01915E-0008
 5.180E-0001, 6.10360E-0008
 5.170E-0001, 6.71396E-0008
 5.160E-0001, 6.71396E-0008
 5.150E-0001, 6.40878E-0008
 5.140E-0001, 6.71396E-0008
 5.130E-0001, 7.32433E-0008
 5.120E-0001, 7.32433E-0008
 5.110E-0001, 7.01915E-0008
 5.100E-0001, 7.62951E-0008
 5.090E-0001, 7.32433E-0008
 5.080E-0001, 6.71396E-0008
 5.070E-0001, 6.71396E-0008
 5.060E-0001, 6.71396E-0008
 5.050E-0001, 6.40878E-0008
 5.040E-0001, 7.32433E-0008
 5.030E-0001, 6.71396E-0008
 5.020E-0001, 6.71396E-0008
 5.010E-0001, 7.62951E-0008
 5.000E-0001, 7.32433E-0008
 4.990E-0001, 7.62951E-0008
 4.980E-0001, 7.62951E-0008
 4.970E-0001, 7.93469E-0008
 4.960E-0001, 7.93469E-0008
 4.950E-0001, 7.62951E-0008
 4.940E-0001, 7.01915E-0008
 4.930E-0001, 8.23987E-0008
 4.920E-0001, 8.23987E-0008
 4.910E-0001, 7.62951E-0008
 4.900E-0001, 8.23987E-0008
 4.890E-0001, 7.62951E-0008
 4.880E-0001, 8.54505E-0008
 4.870E-0001, 8.23987E-0008
 4.860E-0001, 8.54505E-0008
 4.850E-0001, 8.23987E-0008
 4.840E-0001, 8.23987E-0008
 4.830E-0001, 8.23987E-0008
 4.820E-0001, 8.85023E-0008
 4.810E-0001, 8.54505E-0008
 4.800E-0001, 8.85023E-0008
 4.790E-0001, 9.46059E-0008
 4.780E-0001, 8.85023E-0008
 4.770E-0001, 9.15541E-0008
 4.760E-0001, 8.85023E-0008
 4.750E-0001, 9.15541E-0008
 4.740E-0001, 8.85023E-0008
 4.730E-0001, 9.15541E-0008
 4.720E-0001, 9.46059E-0008
 4.710E-0001, 9.15541E-0008
 4.700E-0001, 9.15541E-0008
 4.690E-0001, 9.76577E-0008
 4.680E-0001, 1.00709E-0007
 4.670E-0001, 9.76577E-0008
 4.660E-0001, 9.76577E-0008
 4.650E-0001, 9.76577E-0008
 4.640E-0001, 9.76577E-0008
 4.630E-0001, 1.03761E-0007
 4.620E-0001, 1.03761E-0007
 4.610E-0001, 1.12916E-0007
 4.600E-0001, 1.06813E-0007
 4.590E-0001, 1.06813E-0007
 4.580E-0001, 1.06813E-0007
 4.570E-0001, 1.06813E-0007
 4.560E-0001, 1.06813E-0007
 4.550E-0001, 1.06813E-0007
 4.540E-0001, 1.06813E-0007
 4.530E-0001, 1.06813E-0007
 4.520E-0001, 1.12916E-0007
 4.510E-0001, 1.12916E-0007
 4.500E-0001, 1.15968E-0007
 4.490E-0001, 1.15968E-0007
 4.480E-0001, 1.12916E-0007
 4.470E-0001, 1.22072E-0007
 4.460E-0001, 1.25123E-0007
 4.450E-0001, 1.25123E-0007
 4.440E-0001, 1.28175E-0007
 4.430E-0001, 1.22072E-0007
 4.420E-0001, 1.34279E-0007
 4.410E-0001, 1.40383E-0007
 4.400E-0001, 1.28175E-0007
 4.390E-0001, 1.34279E-0007
 4.380E-0001, 1.37331E-0007
 4.370E-0001, 1.34279E-0007
 4.360E-0001, 1.37331E-0007
 4.350E-0001, 1.43434E-0007
 4.340E-0001, 1.40383E-0007
 4.330E-0001, 1.46486E-0007
 4.320E-0001, 1.49538E-0007
 4.310E-0001, 1.52590E-0007
 4.300E-0001, 1.52590E-0007
 4.290E-0001, 1.46486E-0007
 4.280E-0001, 1.49538E-0007
 4.270E-0001, 1.67849E-0007
 4.260E-0001, 1.64797E-0007
 4.250E-0001, 1.64797E-0007
 4.240E-0001, 1.67849E-0007
 4.230E-0001, 1.73952E-0007
 4.220E-0001, 1.77004E-0007
 4.210E-0001, 1.77004E-0007
 4.200E-0001, 1.83108E-0007
 4.190E-0001, 1.86160E-0007
 4.180E-0001, 1.86160E-0007
 4.170E-0001, 1.95315E-0007
 4.160E-0001, 1.95315E-0007
 4.150E-0001, 1.95315E-0007
 4.140E-0001, 2.10574E-0007
 4.130E-0001, 2.13626E-0007
 4.120E-0001, 2.10574E-0007
 4.110E-0001, 2.16678E-0007
 4.100E-0001, 2.22781E-0007
 4.090E-0001, 2.28885E-0007
 4.080E-0001, 2.31937E-0007
 4.070E-0001, 2.34988E-0007
 4.060E-0001, 2.38040E-0007
 4.050E-0001, 2.50247E-0007
 4.040E-0001, 2.56351E-0007
 4.030E-0001, 2.59403E-0007
 4.020E-0001, 2.68558E-0007
 4.010E-0001, 2.71610E-0007
 4.000E-0001, 2.83817E-0007
 3.990E-0001, 2.92973E-0007
 3.980E-0001, 2.92973E-0007
 3.970E-0001, 3.02128E-0007
 3.960E-0001, 3.11284E-0007
 3.950E-0001, 3.23491E-0007
 3.940E-0001, 3.29594E-0007
 3.930E-0001, 3.35698E-0007
 3.920E-0001, 3.44853E-0007
 3.910E-0001, 3.54009E-0007
 3.900E-0001, 3.72320E-0007
 3.890E-0001, 3.78423E-0007
 3.880E-0001, 3.84527E-0007
 3.870E-0001, 3.96734E-0007
 3.860E-0001, 4.05889E-0007
 3.850E-0001, 4.15045E-0007
 3.840E-0001, 4.33356E-0007
 3.830E-0001, 4.45563E-0007
 3.820E-0001, 4.54718E-0007
 3.810E-0001, 4.69977E-0007
 3.800E-0001, 4.88288E-0007
 3.790E-0001, 4.94392E-0007
 3.780E-0001, 5.12703E-0007
 3.770E-0001, 5.27962E-0007
 3.760E-0001, 5.40169E-0007
 3.750E-0001, 5.58480E-0007
 3.740E-0001, 5.79842E-0007
 3.730E-0001, 5.98153E-0007
 3.720E-0001, 6.13412E-0007
 3.710E-0001, 6.37827E-0007
 3.700E-0001, 6.56137E-0007
 3.690E-0001, 6.77500E-0007
 3.680E-0001, 6.92759E-0007
 3.670E-0001, 7.20225E-0007
 3.660E-0001, 7.41588E-0007
 3.650E-0001, 7.72106E-0007
 3.640E-0001, 7.87365E-0007
 3.630E-0001, 8.08728E-0007
 3.620E-0001, 8.39246E-0007
 3.610E-0001, 8.69764E-0007
 3.600E-0001, 8.97230E-0007
 3.590E-0001, 9.24696E-0007
 3.580E-0001, 9.58266E-0007
 3.570E-0001, 9.91836E-0007
 3.560E-0001, 1.01930E-0006
 3.550E-0001, 1.05592E-0006
 3.540E-0001, 1.09559E-0006
 3.530E-0001, 1.13221E-0006
 3.520E-0001, 1.15968E-0006
 3.510E-0001, 1.19935E-0006
 3.500E-0001, 1.24208E-0006
 3.490E-0001, 1.28480E-0006
 3.480E-0001, 1.33058E-0006
 3.470E-0001, 1.37026E-0006
 3.460E-0001, 1.41908E-0006
 3.450E-0001, 1.46791E-0006
 3.440E-0001, 1.51064E-0006
 3.430E-0001, 1.56557E-0006
 3.420E-0001, 1.62355E-0006
 3.410E-0001, 1.67238E-0006
 3.400E-0001, 1.72426E-0006
 3.390E-0001, 1.79140E-0006
 3.380E-0001, 1.84939E-0006
 3.370E-0001, 1.91042E-0006
 3.360E-0001, 1.97146E-0006
 3.350E-0001, 2.04165E-0006
 3.340E-0001, 2.09964E-0006
 3.330E-0001, 2.17593E-0006
 3.320E-0001, 2.25528E-0006
 3.310E-0001, 2.32242E-0006
 3.300E-0001, 2.40177E-0006
 3.290E-0001, 2.48416E-0006
 3.280E-0001, 2.56961E-0006
 3.270E-0001, 2.64896E-0006
 3.260E-0001, 2.73441E-0006
 3.250E-0001, 2.82597E-0006
 3.240E-0001, 2.92057E-0006
 3.230E-0001, 3.01823E-0006
 3.220E-0001, 3.11894E-0006
 3.210E-0001, 3.21965E-0006
 3.200E-0001, 3.32036E-0006
 3.190E-0001, 3.42412E-0006
 3.180E-0001, 3.53704E-0006
 3.170E-0001, 3.64995E-0006
 3.160E-0001, 3.76592E-0006
 3.150E-0001, 3.88189E-0006
 3.140E-0001, 4.00701E-0006
 3.130E-0001, 4.13824E-0006
 3.120E-0001, 4.27252E-0006
 3.110E-0001, 4.42511E-0006
 3.100E-0001, 4.57465E-0006
 3.090E-0001, 4.68451E-0006
 3.080E-0001, 4.81879E-0006
 3.070E-0001, 4.96223E-0006
 3.060E-0001, 5.10872E-0006
 3.050E-0001, 5.25215E-0006
 3.040E-0001, 5.40474E-0006
 3.030E-0001, 5.57869E-0006
 3.020E-0001, 5.74959E-0006
 3.010E-0001, 5.92660E-0006
 3.000E-0001, 6.10971E-0006
 2.990E-0001, 6.28061E-0006
 2.980E-0001, 6.46982E-0006
 2.970E-0001, 6.65293E-0006
 2.960E-0001, 6.84519E-0006
 2.950E-0001, 7.04966E-0006
 2.940E-0001, 7.24803E-0006
 2.930E-0001, 7.44945E-0006
 2.920E-0001, 7.65087E-0006
 2.910E-0001, 7.86144E-0006
 2.900E-0001, 8.07812E-0006
 2.890E-0001, 8.29785E-0006
 2.880E-0001, 8.51148E-0006
 2.870E-0001, 8.71595E-0006
 2.860E-0001, 8.92957E-0006
 2.850E-0001, 9.16762E-0006
 2.840E-0001, 9.46364E-0006
 2.830E-0001, 9.66506E-0006
 2.820E-0001, 9.85122E-0006
 2.810E-0001, 1.00648E-0005
 2.800E-0001, 1.02845E-0005
 2.790E-0001, 1.05012E-0005
 2.780E-0001, 1.07423E-0005
 2.770E-0001, 1.10017E-0005
 2.760E-0001, 1.12825E-0005
 2.750E-0001, 1.15510E-0005
 2.740E-0001, 1.18257E-0005
 2.730E-0001, 1.20912E-0005
 2.720E-0001, 1.23567E-0005
 2.710E-0001, 1.26100E-0005
 2.700E-0001, 1.28816E-0005
 2.690E-0001, 1.31471E-0005
 2.680E-0001, 1.34004E-0005
 2.670E-0001, 1.36720E-0005
 2.660E-0001, 1.39345E-0005
 2.650E-0001, 1.41908E-0005
 2.640E-0001, 1.44625E-0005
 2.630E-0001, 1.47341E-0005
 2.620E-0001, 1.49965E-0005
 2.610E-0001, 1.52620E-0005
 2.600E-0001, 1.55886E-0005
 2.590E-0001, 1.59395E-0005
 2.580E-0001, 1.61898E-0005
 2.570E-0001, 1.63668E-0005
 2.560E-0001, 1.65499E-0005
 2.550E-0001, 1.67696E-0005
 2.540E-0001, 1.69710E-0005
 2.530E-0001, 1.71938E-0005
 2.520E-0001, 1.75020E-0005
 2.510E-0001, 1.78408E-0005
 2.500E-0001, 1.81551E-0005
 2.490E-0001, 1.84023E-0005
 2.480E-0001, 1.85305E-0005
 2.470E-0001, 1.86678E-0005
 2.460E-0001, 1.88357E-0005
 2.450E-0001, 1.90188E-0005
 2.440E-0001, 1.92599E-0005
 2.430E-0001, 1.95101E-0005
 2.420E-0001, 1.97390E-0005
 2.410E-0001, 1.99465E-0005
 2.400E-0001, 2.01358E-0005
 2.390E-0001, 2.03097E-0005
 2.380E-0001, 2.04806E-0005
 2.370E-0001, 2.06454E-0005
 2.360E-0001, 2.07980E-0005
 2.350E-0001, 2.09597E-0005
 2.340E-0001, 2.11001E-0005
 2.330E-0001, 2.12314E-0005
 2.320E-0001, 2.13534E-0005
 2.310E-0001, 2.14785E-0005
 2.300E-0001, 2.16006E-0005
 2.290E-0001, 2.17105E-0005
 2.280E-0001, 2.17990E-0005
 2.270E-0001, 2.18905E-0005
 2.260E-0001, 2.20035E-0005
 2.250E-0001, 2.21225E-0005
 2.240E-0001, 2.21805E-0005
 2.230E-0001, 2.22018E-0005
 2.220E-0001, 2.22354E-0005
 2.210E-0001, 2.22659E-0005
 2.200E-0001, 2.23178E-0005
 2.190E-0001, 2.23849E-0005
 2.180E-0001, 2.24307E-0005
 2.170E-0001, 2.24643E-0005
 2.160E-0001, 2.24765E-0005
 2.150E-0001, 2.25040E-0005
 2.140E-0001, 2.25253E-0005
 2.130E-0001, 2.25253E-0005
 2.120E-0001, 2.25192E-0005
 2.110E-0001, 2.25040E-0005
 2.100E-0001, 2.24887E-0005
 2.090E-0001, 2.24856E-0005
 2.080E-0001, 2.24643E-0005
 2.070E-0001, 2.24490E-0005
 2.060E-0001, 2.24185E-0005
 2.050E-0001, 2.23758E-0005
 2.040E-0001, 2.23392E-0005
 2.030E-0001, 2.23056E-0005
 2.020E-0001, 2.22568E-0005
 2.010E-0001, 2.22201E-0005
 2.000E-0001, 2.21713E-0005
 1.990E-0001, 2.21072E-0005
 1.980E-0001, 2.20553E-0005
 1.970E-0001, 2.20096E-0005
 1.960E-0001, 2.19546E-0005
 1.950E-0001, 2.18844E-0005
 1.940E-0001, 2.17898E-0005
 1.930E-0001, 2.17135E-0005
 1.920E-0001, 2.16525E-0005
 1.910E-0001, 2.15793E-0005
 1.900E-0001, 2.15182E-0005
 1.890E-0001, 2.14389E-0005
 1.880E-0001, 2.13687E-0005
 1.870E-0001, 2.12863E-0005
 1.860E-0001, 2.12069E-0005
 1.850E-0001, 2.11215E-0005
 1.840E-0001, 2.10238E-0005
 1.830E-0001, 2.09353E-0005
 1.820E-0001, 2.08621E-0005
 1.810E-0001, 2.07797E-0005
 1.800E-0001, 2.07034E-0005
 1.790E-0001, 2.06149E-0005
 1.780E-0001, 2.05172E-0005
 1.770E-0001, 2.04287E-0005
 1.760E-0001, 2.03341E-0005
 1.750E-0001, 2.02487E-0005
 1.740E-0001, 2.01663E-0005
 1.730E-0001, 2.00747E-0005
 1.720E-0001, 1.99954E-0005
 1.710E-0001, 1.99069E-0005
 1.700E-0001, 1.98184E-0005
 1.690E-0001, 1.97421E-0005
 1.680E-0001, 1.96444E-0005
 1.670E-0001, 1.95620E-0005
 1.660E-0001, 1.94705E-0005
 1.650E-0001, 1.93820E-0005
 1.640E-0001, 1.93057E-0005
 1.630E-0001, 1.92233E-0005
 1.620E-0001, 1.91348E-0005
 1.610E-0001, 1.90524E-0005
 1.600E-0001, 1.89639E-0005
 1.590E-0001, 1.88784E-0005
 1.580E-0001, 1.88021E-0005
 1.570E-0001, 1.87197E-0005
 1.560E-0001, 1.86343E-0005
 1.550E-0001, 1.85549E-0005
 1.540E-0001, 1.84786E-0005
 1.530E-0001, 1.83962E-0005
 1.520E-0001, 1.83199E-0005
 1.510E-0001, 1.82436E-0005
 1.500E-0001, 1.81612E-0005
 1.490E-0001, 1.80941E-0005
 1.480E-0001, 1.80178E-0005
 1.470E-0001, 1.79415E-0005
 1.460E-0001, 1.78652E-0005
 1.450E-0001, 1.77889E-0005
 1.440E-0001, 1.77187E-0005
 1.430E-0001, 1.76394E-0005
 1.420E-0001, 1.75753E-0005
 1.410E-0001, 1.75082E-0005
 1.400E-0001, 1.74410E-0005
 1.390E-0001, 1.73708E-0005
 1.380E-0001, 1.73037E-0005
 1.370E-0001, 1.72304E-0005
 1.360E-0001, 1.71633E-0005
 1.350E-0001, 1.71023E-0005
 1.340E-0001, 1.70351E-0005
 1.330E-0001, 1.69710E-0005
 1.320E-0001, 1.69130E-0005
 1.310E-0001, 1.68520E-0005
 1.300E-0001, 1.67849E-0005
 1.290E-0001, 1.67269E-0005
 1.280E-0001, 1.66659E-0005
 1.270E-0001, 1.66079E-0005
 1.260E-0001, 1.65407E-0005
 1.250E-0001, 1.64950E-0005
 1.240E-0001, 1.64339E-0005
 1.230E-0001, 1.63790E-0005
 1.220E-0001, 1.63210E-0005
 1.210E-0001, 1.62600E-0005
 1.200E-0001, 1.62142E-0005
 1.190E-0001, 1.61684E-0005
 1.180E-0001, 1.61013E-0005
 1.170E-0001, 1.60463E-0005
 1.160E-0001, 1.60036E-0005
 1.150E-0001, 1.59456E-0005
 1.140E-0001, 1.58968E-0005
 1.130E-0001, 1.58480E-0005
 1.120E-0001, 1.57961E-0005
 1.110E-0001, 1.57473E-0005
 1.100E-0001, 1.57076E-0005
 1.090E-0001, 1.56588E-0005
 1.080E-0001, 1.56099E-0005
 1.070E-0001, 1.55703E-0005
 1.060E-0001, 1.55184E-0005
 1.050E-0001, 1.54787E-0005
 1.040E-0001, 1.54268E-0005
 1.030E-0001, 1.53810E-0005
 1.020E-0001, 1.53414E-0005
 1.010E-0001, 1.52986E-0005
 1.000E-0001, 1.52620E-0005
 9.900E-0002, 1.52101E-0005
 9.800E-0002, 1.51766E-0005
 9.700E-0002, 1.51277E-0005
 9.600E-0002, 1.50942E-0005
 9.500E-0002, 1.50514E-0005
 9.400E-0002, 1.50148E-0005
 9.300E-0002, 1.49691E-0005
 9.200E-0002, 1.49355E-0005
 9.100E-0002, 1.48958E-0005
 9.000E-0002, 1.48622E-0005
 8.900E-0002, 1.48256E-0005
 8.800E-0002, 1.47890E-0005
 8.700E-0002, 1.47493E-0005
 8.600E-0002, 1.47219E-0005
 8.500E-0002, 1.46822E-0005
 8.400E-0002, 1.46486E-0005
 8.300E-0002, 1.46089E-0005
 8.200E-0002, 1.45784E-0005
 8.100E-0002, 1.45448E-0005
 8.000E-0002, 1.45143E-0005
 7.900E-0002, 1.44838E-0005
 7.800E-0002, 1.44502E-0005
 7.700E-0002, 1.44167E-0005
 7.600E-0002, 1.43831E-0005
 7.500E-0002, 1.43587E-0005
 7.400E-0002, 1.43312E-0005
 7.300E-0002, 1.42946E-0005
 7.200E-0002, 1.42641E-0005
 7.100E-0002, 1.42336E-0005
 7.000E-0002, 1.42000E-0005
 6.900E-0002, 1.41786E-0005
 6.800E-0002, 1.41542E-0005
 6.700E-0002, 1.41176E-0005
 6.600E-0002, 1.40901E-0005
 6.500E-0002, 1.40566E-0005
 6.400E-0002, 1.40444E-0005
 6.300E-0002, 1.40077E-0005
 6.200E-0002, 1.39894E-0005
 6.100E-0002, 1.39559E-0005
 6.000E-0002, 1.39345E-0005
 5.900E-0002, 1.39131E-0005
 5.800E-0002, 1.38918E-0005
 5.700E-0002, 1.38643E-0005
 5.600E-0002, 1.38399E-0005
 5.500E-0002, 1.38185E-0005
 5.400E-0002, 1.37941E-0005
 5.300E-0002, 1.37636E-0005
 5.200E-0002, 1.37483E-0005
 5.100E-0002, 1.37178E-0005
 5.000E-0002, 1.36995E-0005
 4.900E-0002, 1.36751E-0005
 4.800E-0002, 1.36568E-0005
 4.700E-0002, 1.36324E-0005
 4.600E-0002, 1.36079E-0005
 4.500E-0002, 1.35835E-0005
 4.400E-0002, 1.35591E-0005
 4.300E-0002, 1.35378E-0005
 4.200E-0002, 1.35225E-0005
 4.100E-0002, 1.35042E-0005
 4.000E-0002, 1.34859E-0005
 3.900E-0002, 1.34676E-0005
 3.800E-0002, 1.34462E-0005
 3.700E-0002, 1.34309E-0005
 3.600E-0002, 1.34096E-0005
 3.500E-0002, 1.33882E-0005
 3.400E-0002, 1.33699E-0005
 3.300E-0002, 1.33546E-0005
 3.200E-0002, 1.33363E-0005
 3.100E-0002, 1.33119E-0005
 3.000E-0002, 1.32997E-0005
 2.900E-0002, 1.32875E-0005
 2.800E-0002, 1.32722E-0005
 2.700E-0002, 1.32448E-0005
 2.600E-0002, 1.32356E-0005
 2.500E-0002, 1.32204E-0005
 2.400E-0002, 1.32051E-0005
 2.300E-0002, 1.31929E-0005
 2.200E-0002, 1.31746E-0005
 2.100E-0002, 1.31593E-0005
 2.000E-0002, 1.31441E-0005
 1.900E-0002, 1.31319E-0005
 1.800E-0002, 1.31074E-0005
 1.700E-0002, 1.30983E-0005
 1.600E-0002, 1.30861E-0005
 1.500E-0002, 1.30739E-0005
 1.400E-0002, 1.30617E-0005
 1.300E-0002, 1.30434E-0005
 1.200E-0002, 1.30312E-0005
 1.100E-0002, 1.30189E-0005
 1.000E-0002, 1.30037E-0005
 9.000E-0003, 1.29915E-0005
 8.000E-0003, 1.29823E-0005
 7.000E-0003, 1.29701E-0005
 6.000E-0003, 1.29549E-0005
 5.000E-0003, 1.29488E-0005
 4.000E-0003, 1.29335E-0005
 3.000E-0003, 1.29152E-0005
 2.000E-0003, 1.29121E-0005
 1.000E-0003, 1.28938E-0005
 0.000E+0000, 1.28816E-0005
-1.000E-0003, 1.28816E-0005
-2.000E-0003, 1.28694E-0005
-3.000E-0003, 1.28633E-0005
-4.000E-0003, 1.28511E-0005
-5.000E-0003, 1.28419E-0005
-6.000E-0003, 1.28267E-0005
-7.000E-0003, 1.28145E-0005
-8.000E-0003, 1.28084E-0005
-9.000E-0003, 1.28053E-0005
-1.000E-0002, 1.28023E-0005
-1.100E-0002, 1.27931E-0005
-1.200E-0002, 1.27779E-0005
-1.300E-0002, 1.27718E-0005
-1.400E-0002, 1.27626E-0005
-1.500E-0002, 1.27504E-0005
-1.600E-0002, 1.27473E-0005
-1.700E-0002, 1.27443E-0005
-1.800E-0002, 1.27290E-0005
-1.900E-0002, 1.27229E-0005
-2.000E-0002, 1.27199E-0005
-2.100E-0002, 1.27138E-0005
-2.200E-0002, 1.27046E-0005
-2.300E-0002, 1.27046E-0005
-2.400E-0002, 1.26985E-0005
-2.500E-0002, 1.26863E-0005
-2.600E-0002, 1.26771E-0005
-2.700E-0002, 1.26710E-0005
-2.800E-0002, 1.26680E-0005
-2.900E-0002, 1.26619E-0005
-3.000E-0002, 1.26588E-0005
-3.100E-0002, 1.26588E-0005
-3.200E-0002, 1.26558E-0005
-3.300E-0002, 1.26436E-0005
-3.400E-0002, 1.26405E-0005
-3.500E-0002, 1.26466E-0005
-3.600E-0002, 1.26344E-0005
-3.700E-0002, 1.26314E-0005
-3.800E-0002, 1.26253E-0005
-3.900E-0002, 1.26283E-0005
-4.000E-0002, 1.26192E-0005
-4.100E-0002, 1.26161E-0005
-4.200E-0002, 1.26161E-0005
-4.300E-0002, 1.26192E-0005
-4.400E-0002, 1.26161E-0005
-4.500E-0002, 1.26161E-0005
-4.600E-0002, 1.26070E-0005
-4.700E-0002, 1.26100E-0005
-4.800E-0002, 1.26100E-0005
-4.900E-0002, 1.26070E-0005
-5.000E-0002, 1.26131E-0005
-5.100E-0002, 1.26100E-0005
-5.200E-0002, 1.26070E-0005
-5.300E-0002, 1.26100E-0005
-5.400E-0002, 1.26039E-0005
-5.500E-0002, 1.26009E-0005
-5.600E-0002, 1.26070E-0005
-5.700E-0002, 1.26100E-0005
-5.800E-0002, 1.26039E-0005
-5.900E-0002, 1.26100E-0005
-6.000E-0002, 1.26070E-0005
-6.100E-0002, 1.26070E-0005
-6.200E-0002, 1.26070E-0005
-6.300E-0002, 1.26131E-0005
-6.400E-0002, 1.26070E-0005
-6.500E-0002, 1.26100E-0005
-6.600E-0002, 1.26070E-0005
-6.700E-0002, 1.26192E-0005
-6.800E-0002, 1.26192E-0005
-6.900E-0002, 1.26161E-0005
-7.000E-0002, 1.26131E-0005
-7.100E-0002, 1.26222E-0005
-7.200E-0002, 1.26253E-0005
-7.300E-0002, 1.26253E-0005
-7.400E-0002, 1.26283E-0005
-7.500E-0002, 1.26344E-0005
-7.600E-0002, 1.26283E-0005
-7.700E-0002, 1.26314E-0005
-7.800E-0002, 1.26344E-0005
-7.900E-0002, 1.26436E-0005
-8.000E-0002, 1.26497E-0005
-8.100E-0002, 1.26466E-0005
-8.200E-0002, 1.26558E-0005
-8.300E-0002, 1.26619E-0005
-8.400E-0002, 1.26649E-0005
-8.500E-0002, 1.26619E-0005
-8.600E-0002, 1.26680E-0005
-8.700E-0002, 1.26771E-0005
-8.800E-0002, 1.26710E-0005
-8.900E-0002, 1.26802E-0005
-9.000E-0002, 1.26832E-0005
-9.100E-0002, 1.26924E-0005
-9.200E-0002, 1.26985E-0005
-9.300E-0002, 1.27016E-0005
-9.400E-0002, 1.27046E-0005
-9.500E-0002, 1.27016E-0005
-9.600E-0002, 1.27077E-0005
-9.700E-0002, 1.27168E-0005
-9.800E-0002, 1.27321E-0005
-9.900E-0002, 1.27290E-0005
-1.000E-0001, 1.27290E-0005
-1.010E-0001, 1.27351E-0005
-1.020E-0001, 1.27412E-0005
-1.030E-0001, 1.27504E-0005
-1.040E-0001, 1.27565E-0005
-1.050E-0001, 1.27595E-0005
-1.060E-0001, 1.27626E-0005
-1.070E-0001, 1.27718E-0005
-1.080E-0001, 1.27779E-0005
-1.090E-0001, 1.27779E-0005
-1.100E-0001, 1.27870E-0005
-1.110E-0001, 1.27870E-0005
-1.120E-0001, 1.27992E-0005
-1.130E-0001, 1.28023E-0005
-1.140E-0001, 1.28114E-0005
-1.150E-0001, 1.28145E-0005
-1.160E-0001, 1.28145E-0005
-1.170E-0001, 1.28297E-0005
-1.180E-0001, 1.28328E-0005
-1.190E-0001, 1.28480E-0005
-1.200E-0001, 1.28511E-0005
-1.190E-0001, 1.28358E-0005
-1.180E-0001, 1.28053E-0005
-1.170E-0001, 1.27687E-0005
-1.160E-0001, 1.27351E-0005
-1.150E-0001, 1.26955E-0005
-1.140E-0001, 1.26619E-0005
-1.130E-0001, 1.26344E-0005
-1.120E-0001, 1.26070E-0005
-1.110E-0001, 1.25764E-0005
-1.100E-0001, 1.25520E-0005
-1.090E-0001, 1.25185E-0005
-1.080E-0001, 1.24940E-0005
-1.070E-0001, 1.24727E-0005
-1.060E-0001, 1.24513E-0005
-1.050E-0001, 1.24238E-0005
-1.040E-0001, 1.24025E-0005
-1.030E-0001, 1.23781E-0005
-1.020E-0001, 1.23537E-0005
-1.010E-0001, 1.23292E-0005
-1.000E-0001, 1.23109E-0005
-9.900E-0002, 1.22957E-0005
-9.800E-0002, 1.22682E-0005
-9.700E-0002, 1.22468E-0005
-9.600E-0002, 1.22346E-0005
-9.500E-0002, 1.22102E-0005
-9.400E-0002, 1.21889E-0005
-9.300E-0002, 1.21736E-0005
-9.200E-0002, 1.21583E-0005
-9.100E-0002, 1.21461E-0005
-9.000E-0002, 1.21187E-0005
-8.900E-0002, 1.21004E-0005
-8.800E-0002, 1.20790E-0005
-8.700E-0002, 1.20759E-0005
-8.600E-0002, 1.20515E-0005
-8.500E-0002, 1.20363E-0005
-8.400E-0002, 1.20210E-0005
-8.300E-0002, 1.20027E-0005
-8.200E-0002, 1.19935E-0005
-8.100E-0002, 1.19722E-0005
-8.000E-0002, 1.19691E-0005
-7.900E-0002, 1.19508E-0005
-7.800E-0002, 1.19325E-0005
-7.700E-0002, 1.19203E-0005
-7.600E-0002, 1.19050E-0005
-7.500E-0002, 1.18928E-0005
-7.400E-0002, 1.18806E-0005
-7.300E-0002, 1.18654E-0005
-7.200E-0002, 1.18501E-0005
-7.100E-0002, 1.18410E-0005
-7.000E-0002, 1.18257E-0005
-6.900E-0002, 1.18165E-0005
-6.800E-0002, 1.18013E-0005
-6.700E-0002, 1.17891E-0005
-6.600E-0002, 1.17738E-0005
-6.500E-0002, 1.17647E-0005
-6.400E-0002, 1.17586E-0005
-6.300E-0002, 1.17494E-0005
-6.200E-0002, 1.17341E-0005
-6.100E-0002, 1.17250E-0005
-6.000E-0002, 1.17097E-0005
-5.900E-0002, 1.17067E-0005
-5.800E-0002, 1.16945E-0005
-5.700E-0002, 1.16792E-0005
-5.600E-0002, 1.16731E-0005
-5.500E-0002, 1.16578E-0005
-5.400E-0002, 1.16487E-0005
-5.300E-0002, 1.16395E-0005
-5.200E-0002, 1.16273E-0005
-5.100E-0002, 1.16273E-0005
-5.000E-0002, 1.16121E-0005
-4.900E-0002, 1.16029E-0005
-4.800E-0002, 1.16029E-0005
-4.700E-0002, 1.15907E-0005
-4.600E-0002, 1.15785E-0005
-4.500E-0002, 1.15693E-0005
-4.400E-0002, 1.15632E-0005
-4.300E-0002, 1.15602E-0005
-4.200E-0002, 1.15480E-0005
-4.100E-0002, 1.15388E-0005
-4.000E-0002, 1.15327E-0005
-3.900E-0002, 1.15358E-0005
-3.800E-0002, 1.15205E-0005
-3.700E-0002, 1.15205E-0005
-3.600E-0002, 1.15022E-0005
-3.500E-0002, 1.14961E-0005
-3.400E-0002, 1.14930E-0005
-3.300E-0002, 1.14839E-0005
-3.200E-0002, 1.14869E-0005
-3.100E-0002, 1.14778E-0005
-3.000E-0002, 1.14717E-0005
-2.900E-0002, 1.14625E-0005
-2.800E-0002, 1.14595E-0005
-2.700E-0002, 1.14503E-0005
-2.600E-0002, 1.14503E-0005
-2.500E-0002, 1.14503E-0005
-2.400E-0002, 1.14442E-0005
-2.300E-0002, 1.14412E-0005
-2.200E-0002, 1.14320E-0005
-2.100E-0002, 1.14198E-0005
-2.000E-0002, 1.14229E-0005
-1.900E-0002, 1.14198E-0005
-1.800E-0002, 1.14106E-0005
-1.700E-0002, 1.14106E-0005
-1.600E-0002, 1.14106E-0005
-1.500E-0002, 1.14045E-0005
-1.400E-0002, 1.13984E-0005
-1.300E-0002, 1.13984E-0005
-1.200E-0002, 1.13954E-0005
-1.100E-0002, 1.13893E-0005
-1.000E-0002, 1.13893E-0005
-9.000E-0003, 1.13862E-0005
-8.000E-0003, 1.13801E-0005
-7.000E-0003, 1.13710E-0005
-6.000E-0003, 1.13771E-0005
-5.000E-0003, 1.13710E-0005
-4.000E-0003, 1.13740E-0005
-3.000E-0003, 1.13679E-0005
-2.000E-0003, 1.13618E-0005
-1.000E-0003, 1.13649E-0005
 0.000E+0000, 1.13527E-0005
 1.000E-0003, 1.13588E-0005
 2.000E-0003, 1.13588E-0005
 3.000E-0003, 1.13618E-0005
 4.000E-0003, 1.13557E-0005
 5.000E-0003, 1.13618E-0005
 6.000E-0003, 1.13496E-0005
 7.000E-0003, 1.13527E-0005
 8.000E-0003, 1.13527E-0005
 9.000E-0003, 1.13527E-0005
 1.000E-0002, 1.13527E-0005
 1.100E-0002, 1.13496E-0005
 1.200E-0002, 1.13527E-0005
 1.300E-0002, 1.13527E-0005
 1.400E-0002, 1.13496E-0005
 1.500E-0002, 1.13435E-0005
 1.600E-0002, 1.13496E-0005
 1.700E-0002, 1.13527E-0005
 1.800E-0002, 1.13588E-0005
 1.900E-0002, 1.13588E-0005
 2.000E-0002, 1.13557E-0005
 2.100E-0002, 1.13466E-0005
 2.200E-0002, 1.13466E-0005
 2.300E-0002, 1.13466E-0005
 2.400E-0002, 1.13496E-0005
 2.500E-0002, 1.13527E-0005
 2.600E-0002, 1.13527E-0005
 2.700E-0002, 1.13466E-0005
 2.800E-0002, 1.13527E-0005
 2.900E-0002, 1.13588E-0005
 3.000E-0002, 1.13588E-0005
 3.100E-0002, 1.13557E-0005
 3.200E-0002, 1.13618E-0005
 3.300E-0002, 1.13649E-0005
 3.400E-0002, 1.13649E-0005
 3.500E-0002, 1.13710E-0005
 3.600E-0002, 1.13710E-0005
 3.700E-0002, 1.13649E-0005
 3.800E-0002, 1.13710E-0005
 3.900E-0002, 1.13710E-0005
 4.000E-0002, 1.13710E-0005
 4.100E-0002, 1.13801E-0005
 4.200E-0002, 1.13801E-0005
 4.300E-0002, 1.13801E-0005
 4.400E-0002, 1.13801E-0005
 4.500E-0002, 1.13893E-0005
 4.600E-0002, 1.13832E-0005
 4.700E-0002, 1.13862E-0005
 4.800E-0002, 1.13923E-0005
 4.900E-0002, 1.13923E-0005
 5.000E-0002, 1.13984E-0005
 5.100E-0002, 1.14076E-0005
 5.200E-0002, 1.13984E-0005
 5.300E-0002, 1.14045E-0005
 5.400E-0002, 1.14076E-0005
 5.500E-0002, 1.14106E-0005
 5.600E-0002, 1.14168E-0005
 5.700E-0002, 1.14137E-0005
 5.800E-0002, 1.14198E-0005
 5.900E-0002, 1.14198E-0005
 6.000E-0002, 1.14259E-0005
 6.100E-0002, 1.14259E-0005
 6.200E-0002, 1.14320E-0005
 6.300E-0002, 1.14381E-0005
 6.400E-0002, 1.14351E-0005
 6.500E-0002, 1.14412E-0005
 6.600E-0002, 1.14473E-0005
 6.700E-0002, 1.14381E-0005
 6.800E-0002, 1.14442E-0005
 6.900E-0002, 1.14473E-0005
 7.000E-0002, 1.14412E-0005
 7.100E-0002, 1.14503E-0005
 7.200E-0002, 1.14564E-0005
 7.300E-0002, 1.14564E-0005
 7.400E-0002, 1.14503E-0005
 7.500E-0002, 1.14564E-0005
 7.600E-0002, 1.14595E-0005
 7.700E-0002, 1.14595E-0005
 7.800E-0002, 1.14595E-0005
 7.900E-0002, 1.14717E-0005
 8.000E-0002, 1.14686E-0005
 8.100E-0002, 1.14808E-0005
 8.200E-0002, 1.14717E-0005
 8.300E-0002, 1.14747E-0005
 8.400E-0002, 1.14808E-0005
 8.500E-0002, 1.14808E-0005
 8.600E-0002, 1.14747E-0005
 8.700E-0002, 1.14839E-0005
 8.800E-0002, 1.14778E-0005
 8.900E-0002, 1.14869E-0005
 9.000E-0002, 1.14900E-0005
 9.100E-0002, 1.14869E-0005
 9.200E-0002, 1.14778E-0005
 9.300E-0002, 1.14869E-0005
 9.400E-0002, 1.14778E-0005
 9.500E-0002, 1.14808E-0005
 9.600E-0002, 1.14808E-0005
 9.700E-0002, 1.14839E-0005
 9.800E-0002, 1.14900E-0005
 9.900E-0002, 1.14869E-0005
 1.000E-0001, 1.14778E-0005
 1.010E-0001, 1.14747E-0005
 1.020E-0001, 1.14808E-0005
 1.030E-0001, 1.14839E-0005
 1.040E-0001, 1.14839E-0005
 1.050E-0001, 1.14778E-0005
 1.060E-0001, 1.14808E-0005
 1.070E-0001, 1.14778E-0005
 1.080E-0001, 1.14747E-0005
 1.090E-0001, 1.14656E-0005
 1.100E-0001, 1.14686E-0005
 1.110E-0001, 1.14656E-0005
 1.120E-0001, 1.14625E-0005
 1.130E-0001, 1.14534E-0005
 1.140E-0001, 1.14473E-0005
 1.150E-0001, 1.14381E-0005
 1.160E-0001, 1.14290E-0005
 1.170E-0001, 1.14290E-0005
 1.180E-0001, 1.14320E-0005
 1.190E-0001, 1.14106E-0005
 1.200E-0001, 1.14137E-0005
 1.210E-0001, 1.13984E-0005
 1.220E-0001, 1.13893E-0005
 1.230E-0001, 1.13862E-0005
 1.240E-0001, 1.13832E-0005
 1.250E-0001, 1.13679E-0005
 1.260E-0001, 1.13588E-0005
 1.270E-0001, 1.13496E-0005
 1.280E-0001, 1.13374E-0005
 1.290E-0001, 1.13282E-0005
 1.300E-0001, 1.13130E-0005
 1.310E-0001, 1.13038E-0005
 1.320E-0001, 1.12916E-0005
 1.330E-0001, 1.12703E-0005
 1.340E-0001, 1.12642E-0005
 1.350E-0001, 1.12428E-0005
 1.360E-0001, 1.12245E-0005
 1.370E-0001, 1.12123E-0005
 1.380E-0001, 1.12001E-0005
 1.390E-0001, 1.11818E-0005
 1.400E-0001, 1.11604E-0005
 1.410E-0001, 1.11421E-0005
 1.420E-0001, 1.11146E-0005
 1.430E-0001, 1.10994E-0005
 1.440E-0001, 1.10719E-0005
 1.450E-0001, 1.10475E-0005
 1.460E-0001, 1.10261E-0005
 1.470E-0001, 1.10048E-0005
 1.480E-0001, 1.09681E-0005
 1.490E-0001, 1.09529E-0005
 1.500E-0001, 1.09224E-0005
 1.510E-0001, 1.08918E-0005
 1.520E-0001, 1.08583E-0005
 1.530E-0001, 1.08308E-0005
 1.540E-0001, 1.08003E-0005
 1.550E-0001, 1.07637E-0005
 1.560E-0001, 1.07362E-0005
 1.570E-0001, 1.06935E-0005
 1.580E-0001, 1.06507E-0005
 1.590E-0001, 1.06202E-0005
 1.600E-0001, 1.05775E-0005
 1.610E-0001, 1.05409E-0005
 1.620E-0001, 1.04951E-0005
 1.630E-0001, 1.04402E-0005
 1.640E-0001, 1.03883E-0005
 1.650E-0001, 1.03273E-0005
 1.660E-0001, 1.02693E-0005
 1.670E-0001, 1.02235E-0005
 1.680E-0001, 1.01747E-0005
 1.690E-0001, 1.01289E-0005
 1.700E-0001, 1.00740E-0005
 1.710E-0001, 1.00068E-0005
 1.720E-0001, 9.94888E-0006
 1.730E-0001, 9.88479E-0006
 1.740E-0001, 9.81460E-0006
 1.750E-0001, 9.73830E-0006
 1.760E-0001, 9.67116E-0006
 1.770E-0001, 9.59487E-0006
 1.780E-0001, 9.51247E-0006
 1.790E-0001, 9.43312E-0006
 1.800E-0001, 9.35072E-0006
 1.810E-0001, 9.26832E-0006
 1.820E-0001, 9.18898E-0006
 1.830E-0001, 9.10963E-0006
 1.840E-0001, 9.02113E-0006
 1.850E-0001, 8.92042E-0006
 1.860E-0001, 8.81055E-0006
 1.870E-0001, 8.70679E-0006
 1.880E-0001, 8.61524E-0006
 1.890E-0001, 8.48401E-0006
 1.900E-0001, 8.35584E-0006
 1.910E-0001, 8.23376E-0006
 1.920E-0001, 8.12695E-0006
 1.930E-0001, 8.01403E-0006
 1.940E-0001, 7.88891E-0006
 1.950E-0001, 7.78515E-0006
 1.960E-0001, 7.64171E-0006
 1.970E-0001, 7.50133E-0006
 1.980E-0001, 7.39147E-0006
 1.990E-0001, 7.22972E-0006
 2.000E-0001, 7.07408E-0006
 2.010E-0001, 6.89097E-0006
 2.020E-0001, 6.70176E-0006
 2.030E-0001, 6.55222E-0006
 2.040E-0001, 6.43015E-0006
 2.050E-0001, 6.28976E-0006
 2.060E-0001, 6.14328E-0006
 2.070E-0001, 5.96017E-0006
 2.080E-0001, 5.76180E-0006
 2.090E-0001, 5.58480E-0006
 2.100E-0001, 5.43221E-0006
 2.110E-0001, 5.25520E-0006
 2.120E-0001, 5.06294E-0006
 2.130E-0001, 4.86457E-0006
 2.140E-0001, 4.64789E-0006
 2.150E-0001, 4.41596E-0006
 2.160E-0001, 4.22980E-0006
 2.170E-0001, 4.04058E-0006
 2.180E-0001, 3.81475E-0006
 2.190E-0001, 3.59197E-0006
 2.200E-0001, 3.39360E-0006
 2.210E-0001, 3.18303E-0006
 2.220E-0001, 2.96330E-0006
 2.230E-0001, 2.72526E-0006
 2.240E-0001, 2.46585E-0006
 2.250E-0001, 2.20645E-0006
 2.260E-0001, 1.94094E-0006
 2.270E-0001, 1.67849E-0006
 2.280E-0001, 1.42214E-0006
 2.290E-0001, 1.16578E-0006
 2.300E-0001, 9.33852E-0007
 2.310E-0001, 6.95811E-0007
 2.320E-0001, 4.57770E-0007
 2.330E-0001, 2.38040E-0007
 2.340E-0001, 2.74662E-0008
 2.350E-0001,-1.92263E-0007
 2.360E-0001,-4.33356E-0007
 2.370E-0001,-6.98863E-0007
 2.380E-0001,-9.73525E-0007
 2.390E-0001,-1.26039E-0006
 2.400E-0001,-1.64187E-0006
 2.410E-0001,-2.01419E-0006
 2.420E-0001,-2.21560E-0006
 2.430E-0001,-2.38040E-0006
 2.440E-0001,-2.66117E-0006
 2.450E-0001,-2.95414E-0006
 2.460E-0001,-3.22575E-0006
 2.470E-0001,-3.47600E-0006
 2.480E-0001,-3.72014E-0006
 2.490E-0001,-4.00091E-0006
 2.500E-0001,-4.28778E-0006
 2.510E-0001,-4.57465E-0006
 2.520E-0001,-4.84016E-0006
 2.530E-0001,-5.08735E-0006
 2.540E-0001,-5.33150E-0006
 2.550E-0001,-5.59090E-0006
 2.560E-0001,-5.85946E-0006
 2.570E-0001,-6.11886E-0006
 2.580E-0001,-6.36606E-0006
 2.590E-0001,-6.61326E-0006
 2.600E-0001,-6.82383E-0006
 2.610E-0001,-7.04051E-0006
 2.620E-0001,-7.25719E-0006
 2.630E-0001,-7.47081E-0006
 2.640E-0001,-7.68139E-0006
 2.650E-0001,-7.89196E-0006
 2.660E-0001,-8.09338E-0006
 2.670E-0001,-8.29785E-0006
 2.680E-0001,-8.49011E-0006
 2.690E-0001,-8.67627E-0006
 2.700E-0001,-8.85938E-0006
 2.710E-0001,-9.02723E-0006
 2.720E-0001,-9.19203E-0006
 2.730E-0001,-9.35683E-0006
 2.740E-0001,-9.51247E-0006
 2.750E-0001,-9.65285E-0006
 2.760E-0001,-9.79324E-0006
 2.770E-0001,-9.91836E-0006
 2.780E-0001,-1.00282E-0005
 2.790E-0001,-1.01441E-0005
 2.800E-0001,-1.02601E-0005
 2.810E-0001,-1.03639E-0005
 2.820E-0001,-1.04463E-0005
 2.830E-0001,-1.05256E-0005
 2.840E-0001,-1.05897E-0005
 2.850E-0001,-1.06599E-0005
 2.860E-0001,-1.07240E-0005
 2.870E-0001,-1.07911E-0005
 2.880E-0001,-1.08552E-0005
 2.890E-0001,-1.09071E-0005
 2.900E-0001,-1.09651E-0005
 2.910E-0001,-1.10078E-0005
 2.920E-0001,-1.10353E-0005
 2.930E-0001,-1.10536E-0005
 2.940E-0001,-1.10658E-0005
 2.950E-0001,-1.10749E-0005
 2.960E-0001,-1.10811E-0005
 2.970E-0001,-1.10872E-0005
 2.980E-0001,-1.10841E-0005
 2.990E-0001,-1.10811E-0005
 3.000E-0001,-1.10627E-0005
 3.010E-0001,-1.10383E-0005
 3.020E-0001,-1.10200E-0005
 3.030E-0001,-1.09864E-0005
 3.040E-0001,-1.09498E-0005
 3.050E-0001,-1.09071E-0005
 3.060E-0001,-1.08827E-0005
 3.070E-0001,-1.08735E-0005
 3.080E-0001,-1.08308E-0005
 3.090E-0001,-1.07728E-0005
 3.100E-0001,-1.07026E-0005
 3.110E-0001,-1.06141E-0005
 3.120E-0001,-1.05409E-0005
 3.130E-0001,-1.04524E-0005
 3.140E-0001,-1.03700E-0005
 3.150E-0001,-1.02876E-0005
 3.160E-0001,-1.02082E-0005
 3.170E-0001,-1.01319E-0005
 3.180E-0001,-1.00495E-0005
 3.190E-0001,-9.96719E-0006
 3.200E-0001,-9.89089E-0006
 3.210E-0001,-9.80239E-0006
 3.220E-0001,-9.71694E-0006
 3.230E-0001,-9.64675E-0006
 3.240E-0001,-9.55214E-0006
 3.250E-0001,-9.46364E-0006
 3.260E-0001,-9.37514E-0006
 3.270E-0001,-9.27748E-0006
 3.280E-0001,-9.19203E-0006
 3.290E-0001,-9.09132E-0006
 3.300E-0001,-9.00282E-0006
 3.310E-0001,-8.92042E-0006
 3.320E-0001,-8.81971E-0006
 3.330E-0001,-8.72816E-0006
 3.340E-0001,-8.63660E-0006
 3.350E-0001,-8.54505E-0006
 3.360E-0001,-8.44739E-0006
 3.370E-0001,-8.35889E-0006
 3.380E-0001,-8.27038E-0006
 3.390E-0001,-8.17578E-0006
 3.400E-0001,-8.08117E-0006
 3.410E-0001,-7.98962E-0006
 3.420E-0001,-7.90417E-0006
 3.430E-0001,-7.81567E-0006
 3.440E-0001,-7.73327E-0006
 3.450E-0001,-7.64171E-0006
 3.460E-0001,-7.55321E-0006
 3.470E-0001,-7.47692E-0006
 3.480E-0001,-7.38536E-0006
 3.490E-0001,-7.30296E-0006
 3.500E-0001,-7.20836E-0006
 3.510E-0001,-7.11680E-0006
 3.520E-0001,-7.03440E-0006
 3.530E-0001,-6.95201E-0006
 3.540E-0001,-6.87876E-0006
 3.550E-0001,-6.80552E-0006
 3.560E-0001,-6.73228E-0006
 3.570E-0001,-6.64988E-0006
 3.580E-0001,-6.57358E-0006
 3.590E-0001,-6.49423E-0006
 3.600E-0001,-6.41489E-0006
 3.610E-0001,-6.34164E-0006
 3.620E-0001,-6.27450E-0006
 3.630E-0001,-6.19821E-0006
 3.640E-0001,-6.12497E-0006
 3.650E-0001,-6.05477E-0006
 3.660E-0001,-5.98458E-0006
 3.670E-0001,-5.91744E-0006
 3.680E-0001,-5.83810E-0006
 3.690E-0001,-5.77401E-0006
 3.700E-0001,-5.70687E-0006
 3.710E-0001,-5.64583E-0006
 3.720E-0001,-5.59700E-0006
 3.730E-0001,-5.53292E-0006
 3.740E-0001,-5.45662E-0006
 3.750E-0001,-5.39864E-0006
 3.760E-0001,-5.33760E-0006
 3.770E-0001,-5.27351E-0006
 3.780E-0001,-5.20943E-0006
 3.790E-0001,-5.15144E-0006
 3.800E-0001,-5.09346E-0006
 3.810E-0001,-5.04158E-0006
 3.820E-0001,-4.99275E-0006
 3.830E-0001,-4.93781E-0006
 3.840E-0001,-4.87678E-0006
 3.850E-0001,-4.82795E-0006
 3.860E-0001,-4.77912E-0006
 3.870E-0001,-4.72114E-0006
 3.880E-0001,-4.66315E-0006
 3.890E-0001,-4.61432E-0006
 3.900E-0001,-4.57160E-0006
 3.910E-0001,-4.51972E-0006
 3.920E-0001,-4.46173E-0006
 3.930E-0001,-4.42206E-0006
 3.940E-0001,-4.37628E-0006
 3.950E-0001,-4.33661E-0006
 3.960E-0001,-4.29388E-0006
 3.970E-0001,-4.25421E-0006
 3.980E-0001,-4.21149E-0006
 3.990E-0001,-4.16876E-0006
 4.000E-0001,-4.11688E-0006
 4.010E-0001,-4.07721E-0006
 4.020E-0001,-4.03753E-0006
 4.030E-0001,-3.99176E-0006
 4.040E-0001,-3.95208E-0006
 4.050E-0001,-3.91241E-0006
 4.060E-0001,-3.87273E-0006
 4.070E-0001,-3.83611E-0006
 4.080E-0001,-3.80254E-0006
 4.090E-0001,-3.76592E-0006
 4.100E-0001,-3.73235E-0006
 4.110E-0001,-3.68352E-0006
 4.120E-0001,-3.65911E-0006
 4.130E-0001,-3.62249E-0006
 4.140E-0001,-3.58587E-0006
 4.150E-0001,-3.56145E-0006
 4.160E-0001,-3.52178E-0006
 4.170E-0001,-3.48821E-0006
 4.180E-0001,-3.46074E-0006
 4.190E-0001,-3.41802E-0006
 4.200E-0001,-3.38750E-0006
 4.210E-0001,-3.36308E-0006
 4.220E-0001,-3.32646E-0006
 4.230E-0001,-3.30510E-0006
 4.240E-0001,-3.27153E-0006
 4.250E-0001,-3.24101E-0006
 4.260E-0001,-3.21355E-0006
 4.270E-0001,-3.19218E-0006
 4.280E-0001,-3.16472E-0006
 4.290E-0001,-3.13115E-0006
 4.300E-0001,-3.10673E-0006
 4.310E-0001,-3.08232E-0006
 4.320E-0001,-3.05485E-0006
 4.330E-0001,-3.01823E-0006
 4.340E-0001,-2.99687E-0006
 4.350E-0001,-2.97245E-0006
 4.360E-0001,-2.94499E-0006
 4.370E-0001,-2.92362E-0006
 4.380E-0001,-2.90531E-0006
 4.390E-0001,-2.88090E-0006
 4.400E-0001,-2.85343E-0006
 4.410E-0001,-2.82597E-0006
 4.420E-0001,-2.81681E-0006
 4.430E-0001,-2.78629E-0006
 4.440E-0001,-2.76493E-0006
 4.450E-0001,-2.74357E-0006
 4.460E-0001,-2.72220E-0006
 4.470E-0001,-2.70084E-0006
 4.480E-0001,-2.68253E-0006
 4.490E-0001,-2.65812E-0006
 4.500E-0001,-2.63370E-0006
 4.510E-0001,-2.61844E-0006
 4.520E-0001,-2.60013E-0006
 4.530E-0001,-2.58182E-0006
 4.540E-0001,-2.56046E-0006
 4.550E-0001,-2.54215E-0006
 4.560E-0001,-2.52384E-0006
 4.570E-0001,-2.50247E-0006
 4.580E-0001,-2.48416E-0006
 4.590E-0001,-2.45975E-0006
 4.600E-0001,-2.45059E-0006
 4.610E-0001,-2.43533E-0006
 4.620E-0001,-2.42008E-0006
 4.630E-0001,-2.39566E-0006
 4.640E-0001,-2.38651E-0006
 4.650E-0001,-2.35904E-0006
 4.660E-0001,-2.32547E-0006
 4.670E-0001,-2.32242E-0006
 4.680E-0001,-2.33157E-0006
 4.690E-0001,-2.31021E-0006
 4.700E-0001,-2.27664E-0006
 4.710E-0001,-2.30716E-0006
 4.720E-0001,-2.27664E-0006
 4.730E-0001,-2.20340E-0006
 4.740E-0001,-2.18509E-0006
 4.750E-0001,-2.20645E-0006
 4.760E-0001,-2.20645E-0006
 4.770E-0001,-2.19119E-0006
 4.780E-0001,-2.16983E-0006
 4.790E-0001,-2.14847E-0006
 4.800E-0001,-2.13321E-0006
 4.810E-0001,-2.12100E-0006
 4.820E-0001,-2.10879E-0006
 4.830E-0001,-2.09658E-0006
 4.840E-0001,-2.08743E-0006
 4.850E-0001,-2.07217E-0006
 4.860E-0001,-2.05081E-0006
 4.870E-0001,-2.04165E-0006
 4.880E-0001,-2.02944E-0006
 4.890E-0001,-2.02334E-0006
 4.900E-0001,-2.01113E-0006
 4.910E-0001,-1.99588E-0006
 4.920E-0001,-1.98672E-0006
 4.930E-0001,-1.97451E-0006
 4.940E-0001,-1.96231E-0006
 4.950E-0001,-1.95315E-0006
 4.960E-0001,-1.94399E-0006
 4.970E-0001,-1.92568E-0006
 4.980E-0001,-1.91958E-0006
 4.990E-0001,-1.90127E-0006
 5.000E-0001,-1.89517E-0006
 5.010E-0001,-1.88906E-0006
 5.020E-0001,-1.87075E-0006
 5.030E-0001,-1.85549E-0006
 5.040E-0001,-1.84939E-0006
 5.050E-0001,-1.84634E-0006
 5.060E-0001,-1.83108E-0006
 5.070E-0001,-1.82497E-0006
 5.080E-0001,-1.81277E-0006
 5.090E-0001,-1.80971E-0006
 5.100E-0001,-1.79751E-0006
 5.110E-0001,-1.78225E-0006
 5.120E-0001,-1.77920E-0006
 5.130E-0001,-1.76394E-0006
 5.140E-0001,-1.76394E-0006
 5.150E-0001,-1.75783E-0006
 5.160E-0001,-1.74868E-0006
 5.170E-0001,-1.73037E-0006
 5.180E-0001,-1.70595E-0006
 5.190E-0001,-1.70595E-0006
 5.200E-0001,-1.70290E-0006
 5.210E-0001,-1.69985E-0006
 5.220E-0001,-1.68764E-0006
 5.230E-0001,-1.68154E-0006
 5.240E-0001,-1.66933E-0006
 5.250E-0001,-1.66323E-0006
 5.260E-0001,-1.65407E-0006
 5.270E-0001,-1.65102E-0006
 5.280E-0001,-1.64187E-0006
 5.290E-0001,-1.63271E-0006
 5.300E-0001,-1.62966E-0006
 5.310E-0001,-1.61440E-0006
 5.320E-0001,-1.61745E-0006
 5.330E-0001,-1.60524E-0006
 5.340E-0001,-1.58693E-0006
 5.350E-0001,-1.58693E-0006
 5.360E-0001,-1.57473E-0006
 5.370E-0001,-1.56252E-0006
 5.380E-0001,-1.56557E-0006
 5.390E-0001,-1.56557E-0006
 5.400E-0001,-1.55642E-0006
 5.410E-0001,-1.55336E-0006
 5.420E-0001,-1.54726E-0006
 5.430E-0001,-1.53505E-0006
 5.440E-0001,-1.52895E-0006
 5.450E-0001,-1.52590E-0006
 5.460E-0001,-1.51064E-0006
 5.470E-0001,-1.51064E-0006
 5.480E-0001,-1.50148E-0006
 5.490E-0001,-1.49843E-0006
 5.500E-0001,-1.48928E-0006
 5.510E-0001,-1.48622E-0006
 5.520E-0001,-1.47707E-0006
 5.530E-0001,-1.47402E-0006
 5.540E-0001,-1.47096E-0006
 5.550E-0001,-1.47402E-0006
 5.560E-0001,-1.45571E-0006
 5.570E-0001,-1.46181E-0006
 5.580E-0001,-1.45265E-0006
 5.590E-0001,-1.44350E-0006
 5.600E-0001,-1.43434E-0006
 5.610E-0001,-1.43129E-0006
 5.620E-0001,-1.42519E-0006
 5.630E-0001,-1.41603E-0006
 5.640E-0001,-1.41298E-0006
 5.650E-0001,-1.41908E-0006
 5.660E-0001,-1.41298E-0006
 5.670E-0001,-1.39467E-0006
 5.680E-0001,-1.39467E-0006
 5.690E-0001,-1.38551E-0006
 5.700E-0001,-1.38246E-0006
 5.710E-0001,-1.37636E-0006
 5.720E-0001,-1.37331E-0006
 5.730E-0001,-1.37026E-0006
 5.740E-0001,-1.36415E-0006
 5.750E-0001,-1.36415E-0006
 5.760E-0001,-1.35500E-0006
 5.770E-0001,-1.36110E-0006
 5.780E-0001,-1.35500E-0006
 5.790E-0001,-1.34279E-0006
 5.800E-0001,-1.34584E-0006
 5.810E-0001,-1.33669E-0006
 5.820E-0001,-1.33974E-0006
 5.830E-0001,-1.33363E-0006
 5.840E-0001,-1.33058E-0006
 5.850E-0001,-1.31837E-0006
 5.860E-0001,-1.31837E-0006
 5.870E-0001,-1.31532E-0006
 5.880E-0001,-1.30617E-0006
 5.890E-0001,-1.30617E-0006
 5.900E-0001,-1.30617E-0006
 5.910E-0001,-1.30617E-0006
 5.920E-0001,-1.30312E-0006
 5.930E-0001,-1.29701E-0006
 5.940E-0001,-1.28786E-0006
 5.950E-0001,-1.29091E-0006
 5.960E-0001,-1.28786E-0006
 5.970E-0001,-1.28175E-0006
 5.980E-0001,-1.27870E-0006
 5.990E-0001,-1.26955E-0006
 6.000E-0001,-1.26955E-0006
 6.010E-0001,-1.26955E-0006
 6.020E-0001,-1.26955E-0006
 6.030E-0001,-1.25123E-0006
 6.040E-0001,-1.25429E-0006
 6.050E-0001,-1.25429E-0006
 6.060E-0001,-1.25734E-0006
 6.070E-0001,-1.24818E-0006
 6.080E-0001,-1.25429E-0006
 6.090E-0001,-1.24513E-0006
 6.100E-0001,-1.24208E-0006
 6.110E-0001,-1.23598E-0006
 6.120E-0001,-1.23292E-0006
 6.130E-0001,-1.23903E-0006
 6.140E-0001,-1.23598E-0006
 6.150E-0001,-1.23292E-0006
 6.160E-0001,-1.22682E-0006
 6.170E-0001,-1.21766E-0006
 6.180E-0001,-1.22072E-0006
 6.190E-0001,-1.21766E-0006
 6.200E-0001,-1.21156E-0006
 6.210E-0001,-1.20851E-0006
 6.220E-0001,-1.21156E-0006
 6.230E-0001,-1.21461E-0006
 6.240E-0001,-1.20546E-0006
 6.250E-0001,-1.20546E-0006
 6.260E-0001,-1.20241E-0006
 6.270E-0001,-1.20241E-0006
 6.280E-0001,-1.19935E-0006
 6.290E-0001,-1.19630E-0006
 6.300E-0001,-1.19935E-0006
 6.310E-0001,-1.19020E-0006
 6.320E-0001,-1.19325E-0006
 6.330E-0001,-1.18410E-0006
 6.340E-0001,-1.18104E-0006
 6.350E-0001,-1.18715E-0006
 6.360E-0001,-1.19020E-0006
 6.370E-0001,-1.18104E-0006
 6.380E-0001,-1.17189E-0006
 6.390E-0001,-1.18410E-0006
 6.400E-0001,-1.18410E-0006
 6.410E-0001,-1.18104E-0006
 6.420E-0001,-1.17494E-0006
 6.430E-0001,-1.18104E-0006
 6.440E-0001,-1.16884E-0006
 6.450E-0001,-1.16884E-0006
 6.460E-0001,-1.17189E-0006
 6.470E-0001,-1.16884E-0006
 6.480E-0001,-1.16578E-0006
 6.490E-0001,-1.16273E-0006
 6.500E-0001,-1.15663E-0006
 6.510E-0001,-1.15663E-0006
 6.520E-0001,-1.15663E-0006
 6.530E-0001,-1.15663E-0006
 6.540E-0001,-1.15663E-0006
 6.550E-0001,-1.15968E-0006
 6.560E-0001,-1.15358E-0006
 6.570E-0001,-1.15053E-0006
 6.580E-0001,-1.15358E-0006
 6.590E-0001,-1.15358E-0006
 6.600E-0001,-1.15358E-0006
 6.610E-0001,-1.15358E-0006
 6.620E-0001,-1.15663E-0006
 6.630E-0001,-1.15358E-0006
 6.640E-0001,-1.14137E-0006
 6.650E-0001,-1.15053E-0006
 6.660E-0001,-1.15358E-0006
 6.670E-0001,-1.15053E-0006
 6.680E-0001,-1.14747E-0006
 6.690E-0001,-1.14442E-0006
 6.700E-0001,-1.14747E-0006
 6.710E-0001,-1.14442E-0006
 6.720E-0001,-1.15053E-0006
 6.730E-0001,-1.14442E-0006
 6.740E-0001,-1.15053E-0006
 6.750E-0001,-1.14442E-0006
 6.760E-0001,-1.14747E-0006
 6.770E-0001,-1.14442E-0006
 6.780E-0001,-1.13832E-0006
 6.790E-0001,-1.13221E-0006
 6.800E-0001,-1.12916E-0006
 6.810E-0001,-1.14747E-0006
 6.820E-0001,-1.14137E-0006
 6.830E-0001,-1.13527E-0006
 6.840E-0001,-1.14137E-0006
 6.850E-0001,-1.14137E-0006
 6.860E-0001,-1.13527E-0006
 6.870E-0001,-1.14747E-0006
 6.880E-0001,-1.14747E-0006
 6.890E-0001,-1.13832E-0006
 6.900E-0001,-1.14442E-0006
 6.910E-0001,-1.13221E-0006
 6.920E-0001,-1.14442E-0006
 6.930E-0001,-1.14137E-0006
 6.940E-0001,-1.14442E-0006
 6.950E-0001,-1.14137E-0006
 6.960E-0001,-1.14747E-0006
 6.970E-0001,-1.14747E-0006
 6.980E-0001,-1.15053E-0006
 6.990E-0001,-1.13832E-0006
 7.000E-0001,-1.13527E-0006
 7.010E-0001,-1.14747E-0006
 7.020E-0001,-1.14747E-0006
 7.030E-0001,-1.15053E-0006
 7.040E-0001,-1.14442E-0006
 7.050E-0001,-1.14442E-0006
 7.060E-0001,-1.14747E-0006
 7.070E-0001,-1.15358E-0006
 7.080E-0001,-1.15053E-0006
 7.090E-0001,-1.14747E-0006
 7.100E-0001,-1.15358E-0006
 7.110E-0001,-1.15358E-0006
 7.120E-0001,-1.15358E-0006
 7.130E-0001,-1.15358E-0006
 7.140E-0001,-1.14747E-0006
 7.150E-0001,-1.15663E-0006
 7.160E-0001,-1.14747E-0006
 7.170E-0001,-1.14747E-0006
 7.180E-0001,-1.15053E-0006
 7.190E-0001,-1.15358E-0006
 7.200E-0001,-1.15663E-0006
 7.210E-0001,-1.15053E-0006
 7.220E-0001,-1.15053E-0006
 7.230E-0001,-1.15053E-0006
 7.240E-0001,-1.15968E-0006
 7.250E-0001,-1.15663E-0006
 7.260E-0001,-1.16273E-0006
 7.270E-0001,-1.16273E-0006
 7.280E-0001,-1.15968E-0006
 7.290E-0001,-1.16578E-0006
 7.300E-0001,-1.15968E-0006
 7.310E-0001,-1.16273E-0006
 7.320E-0001,-1.15358E-0006
 7.330E-0001,-1.15968E-0006
 7.340E-0001,-1.15968E-0006
 7.350E-0001,-1.16273E-0006
 7.360E-0001,-1.16578E-0006
 7.370E-0001,-1.16578E-0006
 7.380E-0001,-1.16884E-0006
 7.390E-0001,-1.17799E-0006
 7.400E-0001,-1.17494E-0006
 7.410E-0001,-1.16884E-0006
 7.420E-0001,-1.17799E-0006
 7.430E-0001,-1.17189E-0006
 7.440E-0001,-1.16884E-0006
 7.450E-0001,-1.17494E-0006
 7.460E-0001,-1.17494E-0006
 7.470E-0001,-1.17189E-0006
 7.480E-0001,-1.18104E-0006
 7.490E-0001,-1.17494E-0006
 7.500E-0001,-1.17799E-0006
 7.510E-0001,-1.17799E-0006
 7.520E-0001,-1.18104E-0006
 7.530E-0001,-1.19020E-0006
 7.540E-0001,-1.19325E-0006
 7.550E-0001,-1.18410E-0006
 7.560E-0001,-1.18410E-0006
 7.570E-0001,-1.18410E-0006
 7.580E-0001,-1.19020E-0006
 7.590E-0001,-1.18715E-0006
 7.600E-0001,-1.18104E-0006
 7.610E-0001,-1.18410E-0006
 7.620E-0001,-1.18715E-0006
 7.630E-0001,-1.18104E-0006
 7.640E-0001,-1.18410E-0006
 7.650E-0001,-1.19020E-0006
 7.660E-0001,-1.19935E-0006
 7.670E-0001,-1.19325E-0006
 7.680E-0001,-1.19935E-0006
 7.690E-0001,-1.20546E-0006
 7.700E-0001,-1.21156E-0006
 7.710E-0001,-1.20241E-0006
 7.720E-0001,-1.20851E-0006
 7.730E-0001,-1.20546E-0006
 7.740E-0001,-1.20241E-0006
 7.750E-0001,-1.20851E-0006
 7.760E-0001,-1.20241E-0006
 7.770E-0001,-1.21156E-0006
 7.780E-0001,-1.21461E-0006
 7.790E-0001,-1.21461E-0006
 7.800E-0001,-1.21461E-0006
 7.810E-0001,-1.20851E-0006
 7.820E-0001,-1.21766E-0006
 7.830E-0001,-1.21156E-0006
 7.840E-0001,-1.21766E-0006
 7.850E-0001,-1.22377E-0006
 7.860E-0001,-1.22377E-0006
 7.870E-0001,-1.22072E-0006
 7.880E-0001,-1.22072E-0006
 7.890E-0001,-1.22072E-0006
 7.900E-0001,-1.22072E-0006
 7.910E-0001,-1.22987E-0006
 7.920E-0001,-1.22987E-0006
 7.930E-0001,-1.23598E-0006
 7.940E-0001,-1.23598E-0006
 7.950E-0001,-1.23598E-0006
 7.960E-0001,-1.22682E-0006
 7.970E-0001,-1.22987E-0006
 7.980E-0001,-1.22987E-0006
 7.990E-0001,-1.23903E-0006
 8.000E-0001,-1.23903E-0006
