
 7.990E-0001,-1.03150E-0006
 7.980E-0001,-9.85732E-0007
 7.970E-0001,-9.39955E-0007
 7.960E-0001,-9.03334E-0007
 7.950E-0001,-8.66712E-0007
 7.940E-0001,-8.30090E-0007
 7.930E-0001,-7.96520E-0007
 7.920E-0001,-7.56847E-0007
 7.910E-0001,-7.32433E-0007
 7.900E-0001,-7.04966E-0007
 7.890E-0001,-6.83604E-0007
 7.880E-0001,-6.65293E-0007
 7.870E-0001,-6.37827E-0007
 7.860E-0001,-6.22568E-0007
 7.850E-0001,-5.98153E-0007
 7.840E-0001,-5.76791E-0007
 7.830E-0001,-5.64583E-0007
 7.820E-0001,-5.37117E-0007
 7.810E-0001,-5.31013E-0007
 7.800E-0001,-5.12703E-0007
 7.790E-0001,-5.00495E-0007
 7.780E-0001,-4.85236E-0007
 7.770E-0001,-4.73029E-0007
 7.760E-0001,-4.57770E-0007
 7.750E-0001,-4.39459E-0007
 7.740E-0001,-4.33356E-0007
 7.730E-0001,-4.21149E-0007
 7.720E-0001,-4.05889E-0007
 7.710E-0001,-3.96734E-0007
 7.700E-0001,-3.78423E-0007
 7.690E-0001,-3.75371E-0007
 7.680E-0001,-3.63164E-0007
 7.670E-0001,-3.47905E-0007
 7.660E-0001,-3.41802E-0007
 7.650E-0001,-3.32646E-0007
 7.640E-0001,-3.23491E-0007
 7.630E-0001,-3.17387E-0007
 7.620E-0001,-3.08232E-0007
 7.610E-0001,-2.92973E-0007
 7.600E-0001,-2.86869E-0007
 7.590E-0001,-2.80766E-0007
 7.580E-0001,-2.74662E-0007
 7.570E-0001,-2.62455E-0007
 7.560E-0001,-2.56351E-0007
 7.550E-0001,-2.50247E-0007
 7.540E-0001,-2.38040E-0007
 7.530E-0001,-2.44144E-0007
 7.520E-0001,-2.28885E-0007
 7.510E-0001,-2.22781E-0007
 7.500E-0001,-2.13626E-0007
 7.490E-0001,-2.07522E-0007
 7.480E-0001,-2.07522E-0007
 7.470E-0001,-1.98367E-0007
 7.460E-0001,-1.83108E-0007
 7.450E-0001,-1.80056E-0007
 7.440E-0001,-1.77004E-0007
 7.430E-0001,-1.67849E-0007
 7.420E-0001,-1.64797E-0007
 7.410E-0001,-1.64797E-0007
 7.400E-0001,-1.58693E-0007
 7.390E-0001,-1.46486E-0007
 7.380E-0001,-1.43434E-0007
 7.370E-0001,-1.34279E-0007
 7.360E-0001,-1.34279E-0007
 7.350E-0001,-1.31227E-0007
 7.340E-0001,-1.25123E-0007
 7.330E-0001,-1.15968E-0007
 7.320E-0001,-1.12916E-0007
 7.310E-0001,-1.06813E-0007
 7.300E-0001,-1.06813E-0007
 7.290E-0001,-1.00709E-0007
 7.280E-0001,-9.76577E-0008
 7.270E-0001,-9.76577E-0008
 7.260E-0001,-9.15541E-0008
 7.250E-0001,-7.93469E-0008
 7.240E-0001,-7.93469E-0008
 7.230E-0001,-7.93469E-0008
 7.220E-0001,-7.32433E-0008
 7.210E-0001,-7.32433E-0008
 7.200E-0001,-6.71396E-0008
 7.190E-0001,-6.10360E-0008
 7.180E-0001,-6.10360E-0008
 7.170E-0001,-5.18806E-0008
 7.160E-0001,-4.88288E-0008
 7.150E-0001,-4.88288E-0008
 7.140E-0001,-3.96734E-0008
 7.130E-0001,-4.27252E-0008
 7.120E-0001,-3.66216E-0008
 7.110E-0001,-4.27252E-0008
 7.100E-0001,-3.35698E-0008
 7.090E-0001,-2.74662E-0008
 7.080E-0001,-2.74662E-0008
 7.070E-0001,-2.74662E-0008
 7.060E-0001,-1.83108E-0008
 7.050E-0001,-1.52590E-0008
 7.040E-0001,-1.22072E-0008
 7.030E-0001,-1.52590E-0008
 7.020E-0001,-1.22072E-0008
 7.010E-0001,-3.05180E-0009
 7.000E-0001,-1.22072E-0008
 6.990E-0001,-3.05180E-0009
 6.980E-0001, 3.05180E-0009
 6.970E-0001, 3.05180E-0009
 6.960E-0001, 6.10360E-0009
 6.950E-0001, 6.10360E-0009
 6.940E-0001, 1.52590E-0008
 6.930E-0001, 1.22072E-0008
 6.920E-0001, 1.22072E-0008
 6.910E-0001, 1.52590E-0008
 6.900E-0001, 1.83108E-0008
 6.890E-0001, 2.13626E-0008
 6.880E-0001, 2.13626E-0008
 6.870E-0001, 2.13626E-0008
 6.860E-0001, 2.44144E-0008
 6.850E-0001, 2.74662E-0008
 6.840E-0001, 2.74662E-0008
 6.830E-0001, 3.05180E-0008
 6.820E-0001, 3.35698E-0008
 6.810E-0001, 3.35698E-0008
 6.800E-0001, 3.96734E-0008
 6.790E-0001, 3.96734E-0008
 6.780E-0001, 4.27252E-0008
 6.770E-0001, 4.57770E-0008
 6.760E-0001, 4.88288E-0008
 6.750E-0001, 5.18806E-0008
 6.740E-0001, 4.88288E-0008
 6.730E-0001, 4.88288E-0008
 6.720E-0001, 4.88288E-0008
 6.710E-0001, 4.88288E-0008
 6.700E-0001, 5.49324E-0008
 6.690E-0001, 5.18806E-0008
 6.680E-0001, 5.79842E-0008
 6.670E-0001, 6.10360E-0008
 6.660E-0001, 5.79842E-0008
 6.650E-0001, 6.40878E-0008
 6.640E-0001, 6.40878E-0008
 6.630E-0001, 6.71396E-0008
 6.620E-0001, 6.40878E-0008
 6.610E-0001, 6.10360E-0008
 6.600E-0001, 6.10360E-0008
 6.590E-0001, 6.71396E-0008
 6.580E-0001, 6.71396E-0008
 6.570E-0001, 7.01915E-0008
 6.560E-0001, 7.01915E-0008
 6.550E-0001, 7.93469E-0008
 6.540E-0001, 7.93469E-0008
 6.530E-0001, 7.62951E-0008
 6.520E-0001, 7.62951E-0008
 6.510E-0001, 8.23987E-0008
 6.500E-0001, 8.23987E-0008
 6.490E-0001, 8.54505E-0008
 6.480E-0001, 7.93469E-0008
 6.470E-0001, 8.54505E-0008
 6.460E-0001, 8.54505E-0008
 6.450E-0001, 9.15541E-0008
 6.440E-0001, 9.46059E-0008
 6.430E-0001, 9.76577E-0008
 6.420E-0001, 9.46059E-0008
 6.410E-0001, 1.00709E-0007
 6.400E-0001, 1.00709E-0007
 6.390E-0001, 9.76577E-0008
 6.380E-0001, 9.76577E-0008
 6.370E-0001, 9.76577E-0008
 6.360E-0001, 1.00709E-0007
 6.350E-0001, 1.03761E-0007
 6.340E-0001, 1.09864E-0007
 6.330E-0001, 1.06813E-0007
 6.320E-0001, 1.06813E-0007
 6.310E-0001, 1.06813E-0007
 6.300E-0001, 1.09864E-0007
 6.290E-0001, 1.09864E-0007
 6.280E-0001, 1.09864E-0007
 6.270E-0001, 1.19020E-0007
 6.260E-0001, 1.12916E-0007
 6.250E-0001, 1.12916E-0007
 6.240E-0001, 1.12916E-0007
 6.230E-0001, 1.12916E-0007
 6.220E-0001, 1.19020E-0007
 6.210E-0001, 1.15968E-0007
 6.200E-0001, 1.19020E-0007
 6.190E-0001, 1.22072E-0007
 6.180E-0001, 1.22072E-0007
 6.170E-0001, 1.25123E-0007
 6.160E-0001, 1.25123E-0007
 6.150E-0001, 1.34279E-0007
 6.140E-0001, 1.28175E-0007
 6.130E-0001, 1.28175E-0007
 6.120E-0001, 1.34279E-0007
 6.110E-0001, 1.31227E-0007
 6.100E-0001, 1.28175E-0007
 6.090E-0001, 1.31227E-0007
 6.080E-0001, 1.31227E-0007
 6.070E-0001, 1.37331E-0007
 6.060E-0001, 1.37331E-0007
 6.050E-0001, 1.37331E-0007
 6.040E-0001, 1.43434E-0007
 6.030E-0001, 1.40383E-0007
 6.020E-0001, 1.40383E-0007
 6.010E-0001, 1.40383E-0007
 6.000E-0001, 1.37331E-0007
 5.990E-0001, 1.46486E-0007
 5.980E-0001, 1.40383E-0007
 5.970E-0001, 1.40383E-0007
 5.960E-0001, 1.37331E-0007
 5.950E-0001, 1.46486E-0007
 5.940E-0001, 1.49538E-0007
 5.930E-0001, 1.52590E-0007
 5.920E-0001, 1.52590E-0007
 5.910E-0001, 1.55642E-0007
 5.900E-0001, 1.49538E-0007
 5.890E-0001, 1.52590E-0007
 5.880E-0001, 1.55642E-0007
 5.870E-0001, 1.52590E-0007
 5.860E-0001, 1.52590E-0007
 5.850E-0001, 1.55642E-0007
 5.840E-0001, 1.58693E-0007
 5.830E-0001, 1.52590E-0007
 5.820E-0001, 1.61745E-0007
 5.810E-0001, 1.64797E-0007
 5.800E-0001, 1.70901E-0007
 5.790E-0001, 1.64797E-0007
 5.780E-0001, 1.64797E-0007
 5.770E-0001, 1.67849E-0007
 5.760E-0001, 1.67849E-0007
 5.750E-0001, 1.64797E-0007
 5.740E-0001, 1.64797E-0007
 5.730E-0001, 1.61745E-0007
 5.720E-0001, 1.64797E-0007
 5.710E-0001, 1.64797E-0007
 5.700E-0001, 1.77004E-0007
 5.690E-0001, 1.73952E-0007
 5.680E-0001, 1.77004E-0007
 5.670E-0001, 1.77004E-0007
 5.660E-0001, 1.77004E-0007
 5.650E-0001, 1.83108E-0007
 5.640E-0001, 1.77004E-0007
 5.630E-0001, 1.77004E-0007
 5.620E-0001, 1.73952E-0007
 5.610E-0001, 1.73952E-0007
 5.600E-0001, 1.77004E-0007
 5.590E-0001, 1.80056E-0007
 5.580E-0001, 1.89211E-0007
 5.570E-0001, 1.86160E-0007
 5.560E-0001, 1.80056E-0007
 5.550E-0001, 1.83108E-0007
 5.540E-0001, 1.80056E-0007
 5.530E-0001, 1.86160E-0007
 5.520E-0001, 1.95315E-0007
 5.510E-0001, 1.86160E-0007
 5.500E-0001, 1.86160E-0007
 5.490E-0001, 1.92263E-0007
 5.480E-0001, 1.95315E-0007
 5.470E-0001, 1.95315E-0007
 5.460E-0001, 1.92263E-0007
 5.450E-0001, 1.92263E-0007
 5.440E-0001, 2.04470E-0007
 5.430E-0001, 1.98367E-0007
 5.420E-0001, 1.98367E-0007
 5.410E-0001, 1.95315E-0007
 5.400E-0001, 1.98367E-0007
 5.390E-0001, 1.98367E-0007
 5.380E-0001, 2.01419E-0007
 5.370E-0001, 1.95315E-0007
 5.360E-0001, 2.01419E-0007
 5.350E-0001, 2.01419E-0007
 5.340E-0001, 2.04470E-0007
 5.330E-0001, 2.04470E-0007
 5.320E-0001, 2.04470E-0007
 5.310E-0001, 2.13626E-0007
 5.300E-0001, 2.07522E-0007
 5.290E-0001, 2.07522E-0007
 5.280E-0001, 2.07522E-0007
 5.270E-0001, 2.07522E-0007
 5.260E-0001, 2.07522E-0007
 5.250E-0001, 2.10574E-0007
 5.240E-0001, 2.13626E-0007
 5.230E-0001, 2.10574E-0007
 5.220E-0001, 2.16678E-0007
 5.210E-0001, 2.16678E-0007
 5.200E-0001, 2.16678E-0007
 5.190E-0001, 2.19729E-0007
 5.180E-0001, 2.10574E-0007
 5.170E-0001, 2.19729E-0007
 5.160E-0001, 2.16678E-0007
 5.150E-0001, 2.16678E-0007
 5.140E-0001, 2.13626E-0007
 5.130E-0001, 2.16678E-0007
 5.120E-0001, 2.19729E-0007
 5.110E-0001, 2.22781E-0007
 5.100E-0001, 2.19729E-0007
 5.090E-0001, 2.22781E-0007
 5.080E-0001, 2.25833E-0007
 5.070E-0001, 2.25833E-0007
 5.060E-0001, 2.28885E-0007
 5.050E-0001, 2.28885E-0007
 5.040E-0001, 2.28885E-0007
 5.030E-0001, 2.25833E-0007
 5.020E-0001, 2.31937E-0007
 5.010E-0001, 2.28885E-0007
 5.000E-0001, 2.25833E-0007
 4.990E-0001, 2.28885E-0007
 4.980E-0001, 2.31937E-0007
 4.970E-0001, 2.31937E-0007
 4.960E-0001, 2.31937E-0007
 4.950E-0001, 2.31937E-0007
 4.940E-0001, 2.31937E-0007
 4.930E-0001, 2.38040E-0007
 4.920E-0001, 2.34988E-0007
 4.910E-0001, 2.31937E-0007
 4.900E-0001, 2.28885E-0007
 4.890E-0001, 2.34988E-0007
 4.880E-0001, 2.34988E-0007
 4.870E-0001, 2.34988E-0007
 4.860E-0001, 2.34988E-0007
 4.850E-0001, 2.38040E-0007
 4.840E-0001, 2.38040E-0007
 4.830E-0001, 2.41092E-0007
 4.820E-0001, 2.41092E-0007
 4.810E-0001, 2.34988E-0007
 4.800E-0001, 2.44144E-0007
 4.790E-0001, 2.38040E-0007
 4.780E-0001, 2.44144E-0007
 4.770E-0001, 2.47196E-0007
 4.760E-0001, 2.50247E-0007
 4.750E-0001, 2.44144E-0007
 4.740E-0001, 2.44144E-0007
 4.730E-0001, 2.50247E-0007
 4.720E-0001, 2.44144E-0007
 4.710E-0001, 2.50247E-0007
 4.700E-0001, 2.44144E-0007
 4.690E-0001, 2.50247E-0007
 4.680E-0001, 2.50247E-0007
 4.670E-0001, 2.56351E-0007
 4.660E-0001, 2.59403E-0007
 4.650E-0001, 2.56351E-0007
 4.640E-0001, 2.56351E-0007
 4.630E-0001, 2.56351E-0007
 4.620E-0001, 2.56351E-0007
 4.610E-0001, 2.59403E-0007
 4.600E-0001, 2.53299E-0007
 4.590E-0001, 2.62455E-0007
 4.580E-0001, 2.65506E-0007
 4.570E-0001, 2.62455E-0007
 4.560E-0001, 2.68558E-0007
 4.550E-0001, 2.65506E-0007
 4.540E-0001, 2.65506E-0007
 4.530E-0001, 2.71610E-0007
 4.520E-0001, 2.74662E-0007
 4.510E-0001, 2.71610E-0007
 4.500E-0001, 2.80766E-0007
 4.490E-0001, 2.77714E-0007
 4.480E-0001, 2.86869E-0007
 4.470E-0001, 2.83817E-0007
 4.460E-0001, 2.86869E-0007
 4.450E-0001, 2.86869E-0007
 4.440E-0001, 2.89921E-0007
 4.430E-0001, 2.92973E-0007
 4.420E-0001, 2.86869E-0007
 4.410E-0001, 2.92973E-0007
 4.400E-0001, 2.96025E-0007
 4.390E-0001, 2.96025E-0007
 4.380E-0001, 2.96025E-0007
 4.370E-0001, 3.05180E-0007
 4.360E-0001, 3.02128E-0007
 4.350E-0001, 3.11284E-0007
 4.340E-0001, 3.14335E-0007
 4.330E-0001, 3.14335E-0007
 4.320E-0001, 3.17387E-0007
 4.310E-0001, 3.20439E-0007
 4.300E-0001, 3.26543E-0007
 4.290E-0001, 3.29594E-0007
 4.280E-0001, 3.26543E-0007
 4.270E-0001, 3.29594E-0007
 4.260E-0001, 3.32646E-0007
 4.250E-0001, 3.35698E-0007
 4.240E-0001, 3.44853E-0007
 4.230E-0001, 3.44853E-0007
 4.220E-0001, 3.47905E-0007
 4.210E-0001, 3.57061E-0007
 4.200E-0001, 3.60112E-0007
 4.190E-0001, 3.72320E-0007
 4.180E-0001, 3.69268E-0007
 4.170E-0001, 3.72320E-0007
 4.160E-0001, 3.84527E-0007
 4.150E-0001, 3.84527E-0007
 4.140E-0001, 3.96734E-0007
 4.130E-0001, 3.99786E-0007
 4.120E-0001, 4.02838E-0007
 4.110E-0001, 4.05889E-0007
 4.100E-0001, 4.11993E-0007
 4.090E-0001, 4.21149E-0007
 4.080E-0001, 4.24200E-0007
 4.070E-0001, 4.30304E-0007
 4.060E-0001, 4.42511E-0007
 4.050E-0001, 4.42511E-0007
 4.040E-0001, 4.57770E-0007
 4.030E-0001, 4.63874E-0007
 4.020E-0001, 4.69977E-0007
 4.010E-0001, 4.82185E-0007
 4.000E-0001, 4.82185E-0007
 3.990E-0001, 5.00495E-0007
 3.980E-0001, 5.03547E-0007
 3.970E-0001, 5.21858E-0007
 3.960E-0001, 5.27962E-0007
 3.950E-0001, 5.40169E-0007
 3.940E-0001, 5.52376E-0007
 3.930E-0001, 5.61532E-0007
 3.920E-0001, 5.70687E-0007
 3.910E-0001, 5.88998E-0007
 3.900E-0001, 5.98153E-0007
 3.890E-0001, 6.10360E-0007
 3.880E-0001, 6.16464E-0007
 3.870E-0001, 6.37827E-0007
 3.860E-0001, 6.50034E-0007
 3.850E-0001, 6.65293E-0007
 3.840E-0001, 6.83604E-0007
 3.830E-0001, 6.95811E-0007
 3.820E-0001, 7.14122E-0007
 3.810E-0001, 7.26329E-0007
 3.800E-0001, 7.47692E-0007
 3.790E-0001, 7.69054E-0007
 3.780E-0001, 7.93469E-0007
 3.770E-0001, 8.02624E-0007
 3.760E-0001, 8.30090E-0007
 3.750E-0001, 8.48401E-0007
 3.740E-0001, 8.72816E-0007
 3.730E-0001, 8.94178E-0007
 3.720E-0001, 9.12489E-0007
 3.710E-0001, 9.43007E-0007
 3.700E-0001, 9.64370E-0007
 3.690E-0001, 9.88784E-0007
 3.680E-0001, 1.02540E-0006
 3.670E-0001, 1.04676E-0006
 3.660E-0001, 1.08033E-0006
 3.650E-0001, 1.10475E-0006
 3.640E-0001, 1.13527E-0006
 3.630E-0001, 1.16578E-0006
 3.620E-0001, 1.20546E-0006
 3.610E-0001, 1.24208E-0006
 3.600E-0001, 1.27260E-0006
 3.590E-0001, 1.32143E-0006
 3.580E-0001, 1.35500E-0006
 3.570E-0001, 1.39162E-0006
 3.560E-0001, 1.43129E-0006
 3.550E-0001, 1.48622E-0006
 3.540E-0001, 1.51979E-0006
 3.530E-0001, 1.56557E-0006
 3.520E-0001, 1.60830E-0006
 3.510E-0001, 1.66323E-0006
 3.500E-0001, 1.71511E-0006
 3.490E-0001, 1.76699E-0006
 3.480E-0001, 1.81887E-0006
 3.470E-0001, 1.87685E-0006
 3.460E-0001, 1.93179E-0006
 3.450E-0001, 1.98977E-0006
 3.440E-0001, 2.04470E-0006
 3.430E-0001, 2.11490E-0006
 3.420E-0001, 2.18204E-0006
 3.410E-0001, 2.25528E-0006
 3.400E-0001, 2.31937E-0006
 3.390E-0001, 2.39566E-0006
 3.380E-0001, 2.46280E-0006
 3.370E-0001, 2.54215E-0006
 3.360E-0001, 2.62455E-0006
 3.350E-0001, 2.70695E-0006
 3.340E-0001, 2.79850E-0006
 3.330E-0001, 2.89311E-0006
 3.320E-0001, 2.98771E-0006
 3.310E-0001, 3.06401E-0006
 3.300E-0001, 3.14335E-0006
 3.290E-0001, 3.23186E-0006
 3.280E-0001, 3.33257E-0006
 3.270E-0001, 3.43022E-0006
 3.260E-0001, 3.54314E-0006
 3.250E-0001, 3.65300E-0006
 3.240E-0001, 3.77508E-0006
 3.230E-0001, 3.89715E-0006
 3.220E-0001, 4.01617E-0006
 3.210E-0001, 4.15350E-0006
 3.200E-0001, 4.28473E-0006
 3.190E-0001, 4.42206E-0006
 3.180E-0001, 4.55024E-0006
 3.170E-0001, 4.67231E-0006
 3.160E-0001, 4.79743E-0006
 3.150E-0001, 4.93476E-0006
 3.140E-0001, 5.08735E-0006
 3.130E-0001, 5.23994E-0006
 3.120E-0001, 5.39864E-0006
 3.110E-0001, 5.56649E-0006
 3.100E-0001, 5.73739E-0006
 3.090E-0001, 5.90524E-0006
 3.080E-0001, 6.07919E-0006
 3.070E-0001, 6.25314E-0006
 3.060E-0001, 6.43625E-0006
 3.050E-0001, 6.62241E-0006
 3.040E-0001, 6.80247E-0006
 3.030E-0001, 6.99778E-0006
 3.020E-0001, 7.19310E-0006
 3.010E-0001, 7.40062E-0006
 3.000E-0001, 7.60509E-0006
 2.990E-0001, 7.81567E-0006
 2.980E-0001, 8.03540E-0006
 2.970E-0001, 8.24597E-0006
 2.960E-0001, 8.47486E-0006
 2.950E-0001, 8.69764E-0006
 2.940E-0001, 8.93263E-0006
 2.930E-0001, 9.17372E-0006
 2.920E-0001, 9.41176E-0006
 2.910E-0001, 9.65590E-0006
 2.900E-0001, 9.90615E-0006
 2.890E-0001, 1.01686E-0005
 2.880E-0001, 1.04219E-0005
 2.870E-0001, 1.06874E-0005
 2.860E-0001, 1.09529E-0005
 2.850E-0001, 1.12184E-0005
 2.840E-0001, 1.14961E-0005
 2.830E-0001, 1.17799E-0005
 2.820E-0001, 1.20668E-0005
 2.810E-0001, 1.23476E-0005
 2.800E-0001, 1.26466E-0005
 2.790E-0001, 1.29396E-0005
 2.780E-0001, 1.32478E-0005
 2.770E-0001, 1.35561E-0005
 2.760E-0001, 1.38582E-0005
 2.750E-0001, 1.41573E-0005
 2.740E-0001, 1.44686E-0005
 2.730E-0001, 1.47707E-0005
 2.720E-0001, 1.50637E-0005
 2.710E-0001, 1.53719E-0005
 2.700E-0001, 1.56740E-0005
 2.690E-0001, 1.59792E-0005
 2.680E-0001, 1.62813E-0005
 2.670E-0001, 1.65896E-0005
 2.660E-0001, 1.69039E-0005
 2.650E-0001, 1.72182E-0005
 2.640E-0001, 1.75387E-0005
 2.630E-0001, 1.78561E-0005
 2.620E-0001, 1.81887E-0005
 2.610E-0001, 1.85000E-0005
 2.600E-0001, 1.88265E-0005
 2.590E-0001, 1.91439E-0005
 2.580E-0001, 1.94674E-0005
 2.570E-0001, 1.97848E-0005
 2.560E-0001, 2.01052E-0005
 2.550E-0001, 2.04257E-0005
 2.540E-0001, 2.07461E-0005
 2.530E-0001, 2.10696E-0005
 2.520E-0001, 2.13870E-0005
 2.510E-0001, 2.17044E-0005
 2.500E-0001, 2.20035E-0005
 2.490E-0001, 2.23178E-0005
 2.480E-0001, 2.26199E-0005
 2.470E-0001, 2.29282E-0005
 2.460E-0001, 2.32211E-0005
 2.450E-0001, 2.35080E-0005
 2.440E-0001, 2.38040E-0005
 2.430E-0001, 2.40817E-0005
 2.420E-0001, 2.43656E-0005
 2.410E-0001, 2.46433E-0005
 2.400E-0001, 2.49118E-0005
 2.390E-0001, 2.51773E-0005
 2.380E-0001, 2.54276E-0005
 2.370E-0001, 2.56778E-0005
 2.360E-0001, 2.59159E-0005
 2.350E-0001, 2.61570E-0005
 2.340E-0001, 2.63889E-0005
 2.330E-0001, 2.66208E-0005
 2.320E-0001, 2.68345E-0005
 2.310E-0001, 2.70328E-0005
 2.300E-0001, 2.72373E-0005
 2.290E-0001, 2.74357E-0005
 2.280E-0001, 2.76157E-0005
 2.270E-0001, 2.77958E-0005
 2.260E-0001, 2.79575E-0005
 2.250E-0001, 2.81254E-0005
 2.240E-0001, 2.82749E-0005
 2.230E-0001, 2.84092E-0005
 2.220E-0001, 2.85496E-0005
 2.210E-0001, 2.86778E-0005
 2.200E-0001, 2.87998E-0005
 2.190E-0001, 2.89097E-0005
 2.180E-0001, 2.90165E-0005
 2.170E-0001, 2.91050E-0005
 2.160E-0001, 2.91996E-0005
 2.150E-0001, 2.92759E-0005
 2.140E-0001, 2.93461E-0005
 2.130E-0001, 2.94132E-0005
 2.120E-0001, 2.94651E-0005
 2.110E-0001, 2.95109E-0005
 2.100E-0001, 2.95506E-0005
 2.090E-0001, 2.95841E-0005
 2.080E-0001, 2.96086E-0005
 2.070E-0001, 2.96299E-0005
 2.060E-0001, 2.96360E-0005
 2.050E-0001, 2.96452E-0005
 2.040E-0001, 2.96360E-0005
 2.030E-0001, 2.96238E-0005
 2.020E-0001, 2.96116E-0005
 2.010E-0001, 2.95872E-0005
 2.000E-0001, 2.95597E-0005
 1.990E-0001, 2.95262E-0005
 1.980E-0001, 2.94926E-0005
 1.970E-0001, 2.94529E-0005
 1.960E-0001, 2.93980E-0005
 1.950E-0001, 2.93522E-0005
 1.940E-0001, 2.92912E-0005
 1.930E-0001, 2.92301E-0005
 1.920E-0001, 2.91630E-0005
 1.910E-0001, 2.90897E-0005
 1.900E-0001, 2.90226E-0005
 1.890E-0001, 2.89463E-0005
 1.880E-0001, 2.88609E-0005
 1.870E-0001, 2.87754E-0005
 1.860E-0001, 2.86961E-0005
 1.850E-0001, 2.86076E-0005
 1.840E-0001, 2.85130E-0005
 1.830E-0001, 2.84245E-0005
 1.820E-0001, 2.83329E-0005
 1.810E-0001, 2.82322E-0005
 1.800E-0001, 2.81315E-0005
 1.790E-0001, 2.80308E-0005
 1.780E-0001, 2.79331E-0005
 1.770E-0001, 2.78263E-0005
 1.760E-0001, 2.77134E-0005
 1.750E-0001, 2.76157E-0005
 1.740E-0001, 2.75089E-0005
 1.730E-0001, 2.74052E-0005
 1.720E-0001, 2.72892E-0005
 1.710E-0001, 2.71824E-0005
 1.700E-0001, 2.70725E-0005
 1.690E-0001, 2.69657E-0005
 1.680E-0001, 2.68558E-0005
 1.670E-0001, 2.67399E-0005
 1.660E-0001, 2.66361E-0005
 1.650E-0001, 2.65201E-0005
 1.640E-0001, 2.64072E-0005
 1.630E-0001, 2.62973E-0005
 1.620E-0001, 2.61875E-0005
 1.610E-0001, 2.60837E-0005
 1.600E-0001, 2.59708E-0005
 1.590E-0001, 2.58640E-0005
 1.580E-0001, 2.57541E-0005
 1.570E-0001, 2.56473E-0005
 1.560E-0001, 2.55344E-0005
 1.550E-0001, 2.54276E-0005
 1.540E-0001, 2.53208E-0005
 1.530E-0001, 2.52231E-0005
 1.520E-0001, 2.51071E-0005
 1.510E-0001, 2.50064E-0005
 1.500E-0001, 2.48966E-0005
 1.490E-0001, 2.47959E-0005
 1.480E-0001, 2.46952E-0005
 1.470E-0001, 2.45883E-0005
 1.460E-0001, 2.44846E-0005
 1.450E-0001, 2.43869E-0005
 1.440E-0001, 2.42862E-0005
 1.430E-0001, 2.41855E-0005
 1.420E-0001, 2.40848E-0005
 1.410E-0001, 2.39902E-0005
 1.400E-0001, 2.38895E-0005
 1.390E-0001, 2.37949E-0005
 1.380E-0001, 2.36972E-0005
 1.370E-0001, 2.36026E-0005
 1.360E-0001, 2.35080E-0005
 1.350E-0001, 2.34225E-0005
 1.340E-0001, 2.33310E-0005
 1.330E-0001, 2.32455E-0005
 1.320E-0001, 2.31448E-0005
 1.310E-0001, 2.30594E-0005
 1.300E-0001, 2.29678E-0005
 1.290E-0001, 2.28793E-0005
 1.280E-0001, 2.27939E-0005
 1.270E-0001, 2.27145E-0005
 1.260E-0001, 2.26260E-0005
 1.250E-0001, 2.25406E-0005
 1.240E-0001, 2.24582E-0005
 1.230E-0001, 2.23788E-0005
 1.220E-0001, 2.22995E-0005
 1.210E-0001, 2.22140E-0005
 1.200E-0001, 2.21438E-0005
 1.190E-0001, 2.20584E-0005
 1.180E-0001, 2.19851E-0005
 1.170E-0001, 2.19028E-0005
 1.160E-0001, 2.18326E-0005
 1.150E-0001, 2.17563E-0005
 1.140E-0001, 2.16830E-0005
 1.130E-0001, 2.16098E-0005
 1.120E-0001, 2.15396E-0005
 1.110E-0001, 2.14633E-0005
 1.100E-0001, 2.13962E-0005
 1.090E-0001, 2.13290E-0005
 1.080E-0001, 2.12558E-0005
 1.070E-0001, 2.11917E-0005
 1.060E-0001, 2.11184E-0005
 1.050E-0001, 2.10543E-0005
 1.040E-0001, 2.09903E-0005
 1.030E-0001, 2.09170E-0005
 1.020E-0001, 2.08560E-0005
 1.010E-0001, 2.07949E-0005
 1.000E-0001, 2.07309E-0005
 9.900E-0002, 2.06698E-0005
 9.800E-0002, 2.06088E-0005
 9.700E-0002, 2.05447E-0005
 9.600E-0002, 2.04898E-0005
 9.500E-0002, 2.04226E-0005
 9.400E-0002, 2.03677E-0005
 9.300E-0002, 2.03128E-0005
 9.200E-0002, 2.02517E-0005
 9.100E-0002, 2.01968E-0005
 9.000E-0002, 2.01449E-0005
 8.900E-0002, 2.00869E-0005
 8.800E-0002, 2.00350E-0005
 8.700E-0002, 1.99771E-0005
 8.600E-0002, 1.99191E-0005
 8.500E-0002, 1.98702E-0005
 8.400E-0002, 1.98123E-0005
 8.300E-0002, 1.97665E-0005
 8.200E-0002, 1.97116E-0005
 8.100E-0002, 1.96566E-0005
 8.000E-0002, 1.96200E-0005
 7.900E-0002, 1.95620E-0005
 7.800E-0002, 1.95162E-0005
 7.700E-0002, 1.94644E-0005
 7.600E-0002, 1.94125E-0005
 7.500E-0002, 1.93759E-0005
 7.400E-0002, 1.93179E-0005
 7.300E-0002, 1.92782E-0005
 7.200E-0002, 1.92324E-0005
 7.100E-0002, 1.91836E-0005
 7.000E-0002, 1.91378E-0005
 6.900E-0002, 1.90951E-0005
 6.800E-0002, 1.90524E-0005
 6.700E-0002, 1.90096E-0005
 6.600E-0002, 1.89700E-0005
 6.500E-0002, 1.89272E-0005
 6.400E-0002, 1.88845E-0005
 6.300E-0002, 1.88418E-0005
 6.200E-0002, 1.88021E-0005
 6.100E-0002, 1.87624E-0005
 6.000E-0002, 1.87228E-0005
 5.900E-0002, 1.86861E-0005
 5.800E-0002, 1.86465E-0005
 5.700E-0002, 1.86068E-0005
 5.600E-0002, 1.85671E-0005
 5.500E-0002, 1.85305E-0005
 5.400E-0002, 1.84908E-0005
 5.300E-0002, 1.84603E-0005
 5.200E-0002, 1.84206E-0005
 5.100E-0002, 1.83840E-0005
 5.000E-0002, 1.83474E-0005
 4.900E-0002, 1.83169E-0005
 4.800E-0002, 1.82772E-0005
 4.700E-0002, 1.82497E-0005
 4.600E-0002, 1.82070E-0005
 4.500E-0002, 1.81795E-0005
 4.400E-0002, 1.81460E-0005
 4.300E-0002, 1.81155E-0005
 4.200E-0002, 1.80819E-0005
 4.100E-0002, 1.80483E-0005
 4.000E-0002, 1.80178E-0005
 3.900E-0002, 1.79781E-0005
 3.800E-0002, 1.79537E-0005
 3.700E-0002, 1.79201E-0005
 3.600E-0002, 1.78896E-0005
 3.500E-0002, 1.78652E-0005
 3.400E-0002, 1.78316E-0005
 3.300E-0002, 1.78042E-0005
 3.200E-0002, 1.77798E-0005
 3.100E-0002, 1.77462E-0005
 3.000E-0002, 1.77126E-0005
 2.900E-0002, 1.76882E-0005
 2.800E-0002, 1.76577E-0005
 2.700E-0002, 1.76333E-0005
 2.600E-0002, 1.76058E-0005
 2.500E-0002, 1.75814E-0005
 2.400E-0002, 1.75600E-0005
 2.300E-0002, 1.75417E-0005
 2.200E-0002, 1.75082E-0005
 2.100E-0002, 1.74868E-0005
 2.000E-0002, 1.74563E-0005
 1.900E-0002, 1.74319E-0005
 1.800E-0002, 1.74044E-0005
 1.700E-0002, 1.73830E-0005
 1.600E-0002, 1.73495E-0005
 1.500E-0002, 1.73342E-0005
 1.400E-0002, 1.73067E-0005
 1.300E-0002, 1.72915E-0005
 1.200E-0002, 1.72701E-0005
 1.100E-0002, 1.72487E-0005
 1.000E-0002, 1.72243E-0005
 9.000E-0003, 1.71999E-0005
 8.000E-0003, 1.71816E-0005
 7.000E-0003, 1.71572E-0005
 6.000E-0003, 1.71389E-0005
 5.000E-0003, 1.71206E-0005
 4.000E-0003, 1.70992E-0005
 3.000E-0003, 1.70778E-0005
 2.000E-0003, 1.70595E-0005
 1.000E-0003, 1.70412E-0005
 0.000E+0000, 1.70168E-0005
-1.000E-0003, 1.70016E-0005
-2.000E-0003, 1.69863E-0005
-3.000E-0003, 1.69710E-0005
-4.000E-0003, 1.69527E-0005
-5.000E-0003, 1.69314E-0005
-6.000E-0003, 1.69100E-0005
-7.000E-0003, 1.68947E-0005
-8.000E-0003, 1.68764E-0005
-9.000E-0003, 1.68642E-0005
-1.000E-0002, 1.68520E-0005
-1.100E-0002, 1.68368E-0005
-1.200E-0002, 1.68123E-0005
-1.300E-0002, 1.68032E-0005
-1.400E-0002, 1.67849E-0005
-1.500E-0002, 1.67666E-0005
-1.600E-0002, 1.67452E-0005
-1.700E-0002, 1.67391E-0005
-1.800E-0002, 1.67299E-0005
-1.900E-0002, 1.67116E-0005
-2.000E-0002, 1.67025E-0005
-2.100E-0002, 1.66872E-0005
-2.200E-0002, 1.66750E-0005
-2.300E-0002, 1.66628E-0005
-2.400E-0002, 1.66506E-0005
-2.500E-0002, 1.66353E-0005
-2.600E-0002, 1.66262E-0005
-2.700E-0002, 1.66140E-0005
-2.800E-0002, 1.65987E-0005
-2.900E-0002, 1.65835E-0005
-3.000E-0002, 1.65774E-0005
-3.100E-0002, 1.65621E-0005
-3.200E-0002, 1.65499E-0005
-3.300E-0002, 1.65438E-0005
-3.400E-0002, 1.65346E-0005
-3.500E-0002, 1.65224E-0005
-3.600E-0002, 1.65102E-0005
-3.700E-0002, 1.65072E-0005
-3.800E-0002, 1.64888E-0005
-3.900E-0002, 1.64827E-0005
-4.000E-0002, 1.64736E-0005
-4.100E-0002, 1.64614E-0005
-4.200E-0002, 1.64583E-0005
-4.300E-0002, 1.64492E-0005
-4.400E-0002, 1.64431E-0005
-4.500E-0002, 1.64309E-0005
-4.600E-0002, 1.64217E-0005
-4.700E-0002, 1.64187E-0005
-4.800E-0002, 1.64126E-0005
-4.900E-0002, 1.64065E-0005
-5.000E-0002, 1.63942E-0005
-5.100E-0002, 1.63942E-0005
-5.200E-0002, 1.63790E-0005
-5.300E-0002, 1.63759E-0005
-5.400E-0002, 1.63759E-0005
-5.500E-0002, 1.63637E-0005
-5.600E-0002, 1.63607E-0005
-5.700E-0002, 1.63576E-0005
-5.800E-0002, 1.63546E-0005
-5.900E-0002, 1.63393E-0005
-6.000E-0002, 1.63393E-0005
-6.100E-0002, 1.63332E-0005
-6.200E-0002, 1.63271E-0005
-6.300E-0002, 1.63210E-0005
-6.400E-0002, 1.63179E-0005
-6.500E-0002, 1.63179E-0005
-6.600E-0002, 1.63149E-0005
-6.700E-0002, 1.63088E-0005
-6.800E-0002, 1.63088E-0005
-6.900E-0002, 1.62996E-0005
-7.000E-0002, 1.62935E-0005
-7.100E-0002, 1.63027E-0005
-7.200E-0002, 1.62905E-0005
-7.300E-0002, 1.62935E-0005
-7.400E-0002, 1.62874E-0005
-7.500E-0002, 1.62874E-0005
-7.600E-0002, 1.62844E-0005
-7.700E-0002, 1.62783E-0005
-7.800E-0002, 1.62752E-0005
-7.900E-0002, 1.62783E-0005
-8.000E-0002, 1.62752E-0005
-8.100E-0002, 1.62722E-0005
-8.200E-0002, 1.62630E-0005
-8.300E-0002, 1.62661E-0005
-8.400E-0002, 1.62661E-0005
-8.500E-0002, 1.62600E-0005
-8.600E-0002, 1.62630E-0005
-8.700E-0002, 1.62600E-0005
-8.800E-0002, 1.62569E-0005
-8.900E-0002, 1.62630E-0005
-9.000E-0002, 1.62630E-0005
-9.100E-0002, 1.62600E-0005
-9.200E-0002, 1.62600E-0005
-9.300E-0002, 1.62600E-0005
-9.400E-0002, 1.62600E-0005
-9.500E-0002, 1.62569E-0005
-9.600E-0002, 1.62600E-0005
-9.700E-0002, 1.62600E-0005
-9.800E-0002, 1.62630E-0005
-9.900E-0002, 1.62630E-0005
-1.000E-0001, 1.62630E-0005
-1.010E-0001, 1.62539E-0005
-1.020E-0001, 1.62478E-0005
-1.030E-0001, 1.62539E-0005
-1.040E-0001, 1.62539E-0005
-1.050E-0001, 1.62539E-0005
-1.060E-0001, 1.62539E-0005
-1.070E-0001, 1.62539E-0005
-1.080E-0001, 1.62539E-0005
-1.090E-0001, 1.62478E-0005
-1.100E-0001, 1.62569E-0005
-1.110E-0001, 1.62539E-0005
-1.120E-0001, 1.62569E-0005
-1.130E-0001, 1.62539E-0005
-1.140E-0001, 1.62569E-0005
-1.150E-0001, 1.62508E-0005
-1.160E-0001, 1.62539E-0005
-1.170E-0001, 1.62569E-0005
-1.180E-0001, 1.62600E-0005
-1.190E-0001, 1.62508E-0005
-1.200E-0001, 1.62539E-0005
-1.190E-0001, 1.62386E-0005
-1.180E-0001, 1.62081E-0005
-1.170E-0001, 1.61593E-0005
-1.160E-0001, 1.61043E-0005
-1.150E-0001, 1.60494E-0005
-1.140E-0001, 1.59914E-0005
-1.130E-0001, 1.59395E-0005
-1.120E-0001, 1.58876E-0005
-1.110E-0001, 1.58358E-0005
-1.100E-0001, 1.57686E-0005
-1.090E-0001, 1.57228E-0005
-1.080E-0001, 1.56710E-0005
-1.070E-0001, 1.56252E-0005
-1.060E-0001, 1.55794E-0005
-1.050E-0001, 1.55336E-0005
-1.040E-0001, 1.54940E-0005
-1.030E-0001, 1.54451E-0005
-1.020E-0001, 1.54085E-0005
-1.010E-0001, 1.53658E-0005
-1.000E-0001, 1.53261E-0005
-9.900E-0002, 1.52864E-0005
-9.800E-0002, 1.52559E-0005
-9.700E-0002, 1.52101E-0005
-9.600E-0002, 1.51735E-0005
-9.500E-0002, 1.51369E-0005
-9.400E-0002, 1.51003E-0005
-9.300E-0002, 1.50606E-0005
-9.200E-0002, 1.50270E-0005
-9.100E-0002, 1.49904E-0005
-9.000E-0002, 1.49599E-0005
-8.900E-0002, 1.49233E-0005
-8.800E-0002, 1.48928E-0005
-8.700E-0002, 1.48653E-0005
-8.600E-0002, 1.48226E-0005
-8.500E-0002, 1.47951E-0005
-8.400E-0002, 1.47585E-0005
-8.300E-0002, 1.47280E-0005
-8.200E-0002, 1.46974E-0005
-8.100E-0002, 1.46700E-0005
-8.000E-0002, 1.46395E-0005
-7.900E-0002, 1.46120E-0005
-7.800E-0002, 1.45815E-0005
-7.700E-0002, 1.45479E-0005
-7.600E-0002, 1.45265E-0005
-7.500E-0002, 1.44930E-0005
-7.400E-0002, 1.44625E-0005
-7.300E-0002, 1.44411E-0005
-7.200E-0002, 1.44106E-0005
-7.100E-0002, 1.43801E-0005
-7.000E-0002, 1.43587E-0005
-6.900E-0002, 1.43312E-0005
-6.800E-0002, 1.43038E-0005
-6.700E-0002, 1.42732E-0005
-6.600E-0002, 1.42488E-0005
-6.500E-0002, 1.42244E-0005
-6.400E-0002, 1.42000E-0005
-6.300E-0002, 1.41725E-0005
-6.200E-0002, 1.41542E-0005
-6.100E-0002, 1.41268E-0005
-6.000E-0002, 1.41084E-0005
-5.900E-0002, 1.40810E-0005
-5.800E-0002, 1.40566E-0005
-5.700E-0002, 1.40321E-0005
-5.600E-0002, 1.40138E-0005
-5.500E-0002, 1.39894E-0005
-5.400E-0002, 1.39589E-0005
-5.300E-0002, 1.39436E-0005
-5.200E-0002, 1.39192E-0005
-5.100E-0002, 1.38948E-0005
-5.000E-0002, 1.38765E-0005
-4.900E-0002, 1.38490E-0005
-4.800E-0002, 1.38368E-0005
-4.700E-0002, 1.38155E-0005
-4.600E-0002, 1.37941E-0005
-4.500E-0002, 1.37727E-0005
-4.400E-0002, 1.37544E-0005
-4.300E-0002, 1.37331E-0005
-4.200E-0002, 1.37117E-0005
-4.100E-0002, 1.36903E-0005
-4.000E-0002, 1.36781E-0005
-3.900E-0002, 1.36476E-0005
-3.800E-0002, 1.36324E-0005
-3.700E-0002, 1.36079E-0005
-3.600E-0002, 1.35927E-0005
-3.500E-0002, 1.35713E-0005
-3.400E-0002, 1.35530E-0005
-3.300E-0002, 1.35378E-0005
-3.200E-0002, 1.35164E-0005
-3.100E-0002, 1.35072E-0005
-3.000E-0002, 1.34767E-0005
-2.900E-0002, 1.34615E-0005
-2.800E-0002, 1.34523E-0005
-2.700E-0002, 1.34309E-0005
-2.600E-0002, 1.34126E-0005
-2.500E-0002, 1.33913E-0005
-2.400E-0002, 1.33791E-0005
-2.300E-0002, 1.33577E-0005
-2.200E-0002, 1.33424E-0005
-2.100E-0002, 1.33241E-0005
-2.000E-0002, 1.33028E-0005
-1.900E-0002, 1.32967E-0005
-1.800E-0002, 1.32814E-0005
-1.700E-0002, 1.32570E-0005
-1.600E-0002, 1.32448E-0005
-1.500E-0002, 1.32234E-0005
-1.400E-0002, 1.32143E-0005
-1.300E-0002, 1.32051E-0005
-1.200E-0002, 1.31898E-0005
-1.100E-0002, 1.31685E-0005
-1.000E-0002, 1.31532E-0005
-9.000E-0003, 1.31410E-0005
-8.000E-0003, 1.31227E-0005
-7.000E-0003, 1.31044E-0005
-6.000E-0003, 1.30922E-0005
-5.000E-0003, 1.30739E-0005
-4.000E-0003, 1.30647E-0005
-3.000E-0003, 1.30464E-0005
-2.000E-0003, 1.30373E-0005
-1.000E-0003, 1.30251E-0005
 0.000E+0000, 1.30128E-0005
 1.000E-0003, 1.29976E-0005
 2.000E-0003, 1.29823E-0005
 3.000E-0003, 1.29701E-0005
 4.000E-0003, 1.29610E-0005
 5.000E-0003, 1.29457E-0005
 6.000E-0003, 1.29335E-0005
 7.000E-0003, 1.29243E-0005
 8.000E-0003, 1.29030E-0005
 9.000E-0003, 1.28847E-0005
 1.000E-0002, 1.28755E-0005
 1.100E-0002, 1.28694E-0005
 1.200E-0002, 1.28511E-0005
 1.300E-0002, 1.28297E-0005
 1.400E-0002, 1.28206E-0005
 1.500E-0002, 1.28145E-0005
 1.600E-0002, 1.27962E-0005
 1.700E-0002, 1.27931E-0005
 1.800E-0002, 1.27779E-0005
 1.900E-0002, 1.27718E-0005
 2.000E-0002, 1.27534E-0005
 2.100E-0002, 1.27412E-0005
 2.200E-0002, 1.27321E-0005
 2.300E-0002, 1.27199E-0005
 2.400E-0002, 1.27046E-0005
 2.500E-0002, 1.27016E-0005
 2.600E-0002, 1.26863E-0005
 2.700E-0002, 1.26741E-0005
 2.800E-0002, 1.26619E-0005
 2.900E-0002, 1.26466E-0005
 3.000E-0002, 1.26375E-0005
 3.100E-0002, 1.26253E-0005
 3.200E-0002, 1.26131E-0005
 3.300E-0002, 1.26039E-0005
 3.400E-0002, 1.25947E-0005
 3.500E-0002, 1.25825E-0005
 3.600E-0002, 1.25734E-0005
 3.700E-0002, 1.25642E-0005
 3.800E-0002, 1.25520E-0005
 3.900E-0002, 1.25337E-0005
 4.000E-0002, 1.25307E-0005
 4.100E-0002, 1.25215E-0005
 4.200E-0002, 1.25154E-0005
 4.300E-0002, 1.24971E-0005
 4.400E-0002, 1.24910E-0005
 4.500E-0002, 1.24757E-0005
 4.600E-0002, 1.24696E-0005
 4.700E-0002, 1.24605E-0005
 4.800E-0002, 1.24483E-0005
 4.900E-0002, 1.24391E-0005
 5.000E-0002, 1.24269E-0005
 5.100E-0002, 1.24147E-0005
 5.200E-0002, 1.24055E-0005
 5.300E-0002, 1.23933E-0005
 5.400E-0002, 1.23811E-0005
 5.500E-0002, 1.23720E-0005
 5.600E-0002, 1.23628E-0005
 5.700E-0002, 1.23476E-0005
 5.800E-0002, 1.23445E-0005
 5.900E-0002, 1.23384E-0005
 6.000E-0002, 1.23292E-0005
 6.100E-0002, 1.23170E-0005
 6.200E-0002, 1.23018E-0005
 6.300E-0002, 1.22926E-0005
 6.400E-0002, 1.22835E-0005
 6.500E-0002, 1.22713E-0005
 6.600E-0002, 1.22621E-0005
 6.700E-0002, 1.22529E-0005
 6.800E-0002, 1.22407E-0005
 6.900E-0002, 1.22377E-0005
 7.000E-0002, 1.22285E-0005
 7.100E-0002, 1.22102E-0005
 7.200E-0002, 1.22011E-0005
 7.300E-0002, 1.21828E-0005
 7.400E-0002, 1.21797E-0005
 7.500E-0002, 1.21705E-0005
 7.600E-0002, 1.21583E-0005
 7.700E-0002, 1.21431E-0005
 7.800E-0002, 1.21370E-0005
 7.900E-0002, 1.21248E-0005
 8.000E-0002, 1.21156E-0005
 8.100E-0002, 1.21034E-0005
 8.200E-0002, 1.20943E-0005
 8.300E-0002, 1.20820E-0005
 8.400E-0002, 1.20729E-0005
 8.500E-0002, 1.20546E-0005
 8.600E-0002, 1.20454E-0005
 8.700E-0002, 1.20332E-0005
 8.800E-0002, 1.20241E-0005
 8.900E-0002, 1.20149E-0005
 9.000E-0002, 1.19996E-0005
 9.100E-0002, 1.19935E-0005
 9.200E-0002, 1.19783E-0005
 9.300E-0002, 1.19661E-0005
 9.400E-0002, 1.19569E-0005
 9.500E-0002, 1.19447E-0005
 9.600E-0002, 1.19325E-0005
 9.700E-0002, 1.19233E-0005
 9.800E-0002, 1.19050E-0005
 9.900E-0002, 1.18898E-0005
 1.000E-0001, 1.18837E-0005
 1.010E-0001, 1.18654E-0005
 1.020E-0001, 1.18562E-0005
 1.030E-0001, 1.18318E-0005
 1.040E-0001, 1.18165E-0005
 1.050E-0001, 1.17952E-0005
 1.060E-0001, 1.17891E-0005
 1.070E-0001, 1.17769E-0005
 1.080E-0001, 1.17616E-0005
 1.090E-0001, 1.17494E-0005
 1.100E-0001, 1.17341E-0005
 1.110E-0001, 1.17189E-0005
 1.120E-0001, 1.17036E-0005
 1.130E-0001, 1.16853E-0005
 1.140E-0001, 1.16609E-0005
 1.150E-0001, 1.16487E-0005
 1.160E-0001, 1.16273E-0005
 1.170E-0001, 1.16029E-0005
 1.180E-0001, 1.15938E-0005
 1.190E-0001, 1.15724E-0005
 1.200E-0001, 1.15541E-0005
 1.210E-0001, 1.15327E-0005
 1.220E-0001, 1.15144E-0005
 1.230E-0001, 1.14961E-0005
 1.240E-0001, 1.14747E-0005
 1.250E-0001, 1.14503E-0005
 1.260E-0001, 1.14259E-0005
 1.270E-0001, 1.14015E-0005
 1.280E-0001, 1.13771E-0005
 1.290E-0001, 1.13618E-0005
 1.300E-0001, 1.13344E-0005
 1.310E-0001, 1.13099E-0005
 1.320E-0001, 1.12825E-0005
 1.330E-0001, 1.12550E-0005
 1.340E-0001, 1.12336E-0005
 1.350E-0001, 1.12062E-0005
 1.360E-0001, 1.11726E-0005
 1.370E-0001, 1.11421E-0005
 1.380E-0001, 1.11177E-0005
 1.390E-0001, 1.10902E-0005
 1.400E-0001, 1.10505E-0005
 1.410E-0001, 1.10170E-0005
 1.420E-0001, 1.09895E-0005
 1.430E-0001, 1.09498E-0005
 1.440E-0001, 1.09163E-0005
 1.450E-0001, 1.08796E-0005
 1.460E-0001, 1.08430E-0005
 1.470E-0001, 1.08003E-0005
 1.480E-0001, 1.07606E-0005
 1.490E-0001, 1.07240E-0005
 1.500E-0001, 1.06843E-0005
 1.510E-0001, 1.06385E-0005
 1.520E-0001, 1.05836E-0005
 1.530E-0001, 1.05470E-0005
 1.540E-0001, 1.04921E-0005
 1.550E-0001, 1.04493E-0005
 1.560E-0001, 1.03913E-0005
 1.570E-0001, 1.03456E-0005
 1.580E-0001, 1.02906E-0005
 1.590E-0001, 1.02327E-0005
 1.600E-0001, 1.01838E-0005
 1.610E-0001, 1.01228E-0005
 1.620E-0001, 1.00648E-0005
 1.630E-0001, 1.00007E-0005
 1.640E-0001, 9.93362E-0006
 1.650E-0001, 9.87258E-0006
 1.660E-0001, 9.79934E-0006
 1.670E-0001, 9.73525E-0006
 1.680E-0001, 9.66201E-0006
 1.690E-0001, 9.58876E-0006
 1.700E-0001, 9.51552E-0006
 1.710E-0001, 9.43923E-0006
 1.720E-0001, 9.36293E-0006
 1.730E-0001, 9.27443E-0006
 1.740E-0001, 9.18898E-0006
 1.750E-0001, 9.09742E-0006
 1.760E-0001, 9.00892E-0006
 1.770E-0001, 8.92347E-0006
 1.780E-0001, 8.81971E-0006
 1.790E-0001, 8.71900E-0006
 1.800E-0001, 8.62745E-0006
 1.810E-0001, 8.51758E-0006
 1.820E-0001, 8.41077E-0006
 1.830E-0001, 8.30701E-0006
 1.840E-0001, 8.18188E-0006
 1.850E-0001, 8.07812E-0006
 1.860E-0001, 7.95300E-0006
 1.870E-0001, 7.83703E-0006
 1.880E-0001, 7.70580E-0006
 1.890E-0001, 7.57152E-0006
 1.900E-0001, 7.44335E-0006
 1.910E-0001, 7.30601E-0006
 1.920E-0001, 7.16563E-0006
 1.930E-0001, 7.02220E-0006
 1.940E-0001, 6.87571E-0006
 1.950E-0001, 6.72007E-0006
 1.960E-0001, 6.56443E-0006
 1.970E-0001, 6.40878E-0006
 1.980E-0001, 6.24704E-0006
 1.990E-0001, 6.07614E-0006
 2.000E-0001, 5.90829E-0006
 2.010E-0001, 5.72213E-0006
 2.020E-0001, 5.54818E-0006
 2.030E-0001, 5.36812E-0006
 2.040E-0001, 5.18501E-0006
 2.050E-0001, 4.98970E-0006
 2.060E-0001, 4.79438E-0006
 2.070E-0001, 4.58686E-0006
 2.080E-0001, 4.37933E-0006
 2.090E-0001, 4.17792E-0006
 2.100E-0001, 3.95819E-0006
 2.110E-0001, 3.74151E-0006
 2.120E-0001, 3.51567E-0006
 2.130E-0001, 3.28679E-0006
 2.140E-0001, 3.06095E-0006
 2.150E-0001, 2.82597E-0006
 2.160E-0001, 2.57572E-0006
 2.170E-0001, 2.33157E-0006
 2.180E-0001, 2.08438E-0006
 2.190E-0001, 1.82803E-0006
 2.200E-0001, 1.57473E-0006
 2.210E-0001, 1.31227E-0006
 2.220E-0001, 1.04676E-0006
 2.230E-0001, 7.84313E-0007
 2.240E-0001, 5.06599E-0007
 2.250E-0001, 2.25833E-0007
 2.260E-0001,-5.79842E-0008
 2.270E-0001,-3.32646E-0007
 2.280E-0001,-6.31723E-0007
 2.290E-0001,-9.33852E-0007
 2.300E-0001,-1.22377E-0006
 2.310E-0001,-1.52285E-0006
 2.320E-0001,-1.82192E-0006
 2.330E-0001,-2.12405E-0006
 2.340E-0001,-2.43839E-0006
 2.350E-0001,-2.74052E-0006
 2.360E-0001,-3.06095E-0006
 2.370E-0001,-3.37224E-0006
 2.380E-0001,-3.68963E-0006
 2.390E-0001,-4.01922E-0006
 2.400E-0001,-4.33356E-0006
 2.410E-0001,-4.66315E-0006
 2.420E-0001,-4.98664E-0006
 2.430E-0001,-5.31319E-0006
 2.440E-0001,-5.64583E-0006
 2.450E-0001,-5.97238E-0006
 2.460E-0001,-6.30807E-0006
 2.470E-0001,-6.64072E-0006
 2.480E-0001,-6.97337E-0006
 2.490E-0001,-7.30907E-0006
 2.500E-0001,-7.63561E-0006
 2.510E-0001,-7.96826E-0006
 2.520E-0001,-8.30090E-0006
 2.530E-0001,-8.62745E-0006
 2.540E-0001,-8.95094E-0006
 2.550E-0001,-9.28664E-0006
 2.560E-0001,-9.60708E-0006
 2.570E-0001,-9.92446E-0006
 2.580E-0001,-1.02418E-0005
 2.590E-0001,-1.05592E-0005
 2.600E-0001,-1.08735E-0005
 2.610E-0001,-1.11818E-0005
 2.620E-0001,-1.14930E-0005
 2.630E-0001,-1.17860E-0005
 2.640E-0001,-1.20851E-0005
 2.650E-0001,-1.23781E-0005
 2.660E-0001,-1.26649E-0005
 2.670E-0001,-1.29396E-0005
 2.680E-0001,-1.32265E-0005
 2.690E-0001,-1.34981E-0005
 2.700E-0001,-1.37697E-0005
 2.710E-0001,-1.40291E-0005
 2.720E-0001,-1.42824E-0005
 2.730E-0001,-1.45296E-0005
 2.740E-0001,-1.47707E-0005
 2.750E-0001,-1.50026E-0005
 2.760E-0001,-1.52315E-0005
 2.770E-0001,-1.54512E-0005
 2.780E-0001,-1.56618E-0005
 2.790E-0001,-1.58602E-0005
 2.800E-0001,-1.60585E-0005
 2.810E-0001,-1.62447E-0005
 2.820E-0001,-1.64278E-0005
 2.830E-0001,-1.65957E-0005
 2.840E-0001,-1.67574E-0005
 2.850E-0001,-1.69161E-0005
 2.860E-0001,-1.70565E-0005
 2.870E-0001,-1.71908E-0005
 2.880E-0001,-1.73220E-0005
 2.890E-0001,-1.74471E-0005
 2.900E-0001,-1.75631E-0005
 2.910E-0001,-1.76607E-0005
 2.920E-0001,-1.77584E-0005
 2.930E-0001,-1.78408E-0005
 2.940E-0001,-1.79201E-0005
 2.950E-0001,-1.79903E-0005
 2.960E-0001,-1.80605E-0005
 2.970E-0001,-1.81246E-0005
 2.980E-0001,-1.81765E-0005
 2.990E-0001,-1.82192E-0005
 3.000E-0001,-1.82467E-0005
 3.010E-0001,-1.82711E-0005
 3.020E-0001,-1.82864E-0005
 3.030E-0001,-1.82986E-0005
 3.040E-0001,-1.83047E-0005
 3.050E-0001,-1.83077E-0005
 3.060E-0001,-1.83016E-0005
 3.070E-0001,-1.82894E-0005
 3.080E-0001,-1.82772E-0005
 3.090E-0001,-1.82650E-0005
 3.100E-0001,-1.82528E-0005
 3.110E-0001,-1.82436E-0005
 3.120E-0001,-1.82284E-0005
 3.130E-0001,-1.81948E-0005
 3.140E-0001,-1.81338E-0005
 3.150E-0001,-1.80636E-0005
 3.160E-0001,-1.79690E-0005
 3.170E-0001,-1.78713E-0005
 3.180E-0001,-1.77676E-0005
 3.190E-0001,-1.76516E-0005
 3.200E-0001,-1.75448E-0005
 3.210E-0001,-1.74288E-0005
 3.220E-0001,-1.73189E-0005
 3.230E-0001,-1.72060E-0005
 3.240E-0001,-1.70870E-0005
 3.250E-0001,-1.69588E-0005
 3.260E-0001,-1.68307E-0005
 3.270E-0001,-1.67147E-0005
 3.280E-0001,-1.66140E-0005
 3.290E-0001,-1.65102E-0005
 3.300E-0001,-1.64126E-0005
 3.310E-0001,-1.63118E-0005
 3.320E-0001,-1.61928E-0005
 3.330E-0001,-1.60677E-0005
 3.340E-0001,-1.59395E-0005
 3.350E-0001,-1.57991E-0005
 3.360E-0001,-1.56649E-0005
 3.370E-0001,-1.55397E-0005
 3.380E-0001,-1.54024E-0005
 3.390E-0001,-1.52712E-0005
 3.400E-0001,-1.51430E-0005
 3.410E-0001,-1.50057E-0005
 3.420E-0001,-1.48744E-0005
 3.430E-0001,-1.47432E-0005
 3.440E-0001,-1.46120E-0005
 3.450E-0001,-1.44869E-0005
 3.460E-0001,-1.43465E-0005
 3.470E-0001,-1.42122E-0005
 3.480E-0001,-1.40901E-0005
 3.490E-0001,-1.39559E-0005
 3.500E-0001,-1.38307E-0005
 3.510E-0001,-1.37026E-0005
 3.520E-0001,-1.35744E-0005
 3.530E-0001,-1.34493E-0005
 3.540E-0001,-1.33089E-0005
 3.550E-0001,-1.31868E-0005
 3.560E-0001,-1.30556E-0005
 3.570E-0001,-1.29396E-0005
 3.580E-0001,-1.28114E-0005
 3.590E-0001,-1.26894E-0005
 3.600E-0001,-1.25673E-0005
 3.610E-0001,-1.24422E-0005
 3.620E-0001,-1.23201E-0005
 3.630E-0001,-1.22011E-0005
 3.640E-0001,-1.20820E-0005
 3.650E-0001,-1.19630E-0005
 3.660E-0001,-1.18410E-0005
 3.670E-0001,-1.17280E-0005
 3.680E-0001,-1.16182E-0005
 3.690E-0001,-1.15022E-0005
 3.700E-0001,-1.13984E-0005
 3.710E-0001,-1.12794E-0005
 3.720E-0001,-1.11696E-0005
 3.730E-0001,-1.10597E-0005
 3.740E-0001,-1.09529E-0005
 3.750E-0001,-1.08400E-0005
 3.760E-0001,-1.07423E-0005
 3.770E-0001,-1.06294E-0005
 3.780E-0001,-1.05256E-0005
 3.790E-0001,-1.04249E-0005
 3.800E-0001,-1.03212E-0005
 3.810E-0001,-1.02265E-0005
 3.820E-0001,-1.01319E-0005
 3.830E-0001,-1.00312E-0005
 3.840E-0001,-9.93362E-0006
 3.850E-0001,-9.83596E-0006
 3.860E-0001,-9.74135E-0006
 3.870E-0001,-9.64675E-0006
 3.880E-0001,-9.55519E-0006
 3.890E-0001,-9.46974E-0006
 3.900E-0001,-9.37819E-0006
 3.910E-0001,-9.29579E-0006
 3.920E-0001,-9.20424E-0006
 3.930E-0001,-9.11879E-0006
 3.940E-0001,-9.03334E-0006
 3.950E-0001,-8.94789E-0006
 3.960E-0001,-8.86549E-0006
 3.970E-0001,-8.78004E-0006
 3.980E-0001,-8.70374E-0006
 3.990E-0001,-8.61829E-0006
 4.000E-0001,-8.54810E-0006
 4.010E-0001,-8.46570E-0006
 4.020E-0001,-8.39246E-0006
 4.030E-0001,-8.31311E-0006
 4.040E-0001,-8.23987E-0006
 4.050E-0001,-8.16357E-0006
 4.060E-0001,-8.09033E-0006
 4.070E-0001,-8.02014E-0006
 4.080E-0001,-7.94689E-0006
 4.090E-0001,-7.87365E-0006
 4.100E-0001,-7.80956E-0006
 4.110E-0001,-7.73937E-0006
 4.120E-0001,-7.66918E-0006
 4.130E-0001,-7.59899E-0006
 4.140E-0001,-7.53795E-0006
 4.150E-0001,-7.47692E-0006
 4.160E-0001,-7.40978E-0006
 4.170E-0001,-7.34569E-0006
 4.180E-0001,-7.28160E-0006
 4.190E-0001,-7.22056E-0006
 4.200E-0001,-7.16868E-0006
 4.210E-0001,-7.10765E-0006
 4.220E-0001,-7.04051E-0006
 4.230E-0001,-6.98863E-0006
 4.240E-0001,-6.92149E-0006
 4.250E-0001,-6.86045E-0006
 4.260E-0001,-6.80247E-0006
 4.270E-0001,-6.75364E-0006
 4.280E-0001,-6.69871E-0006
 4.290E-0001,-6.64072E-0006
 4.300E-0001,-6.58274E-0006
 4.310E-0001,-6.53391E-0006
 4.320E-0001,-6.48203E-0006
 4.330E-0001,-6.43320E-0006
 4.340E-0001,-6.37827E-0006
 4.350E-0001,-6.32639E-0006
 4.360E-0001,-6.27450E-0006
 4.370E-0001,-6.23178E-0006
 4.380E-0001,-6.17685E-0006
 4.390E-0001,-6.13107E-0006
 4.400E-0001,-6.08224E-0006
 4.410E-0001,-6.03341E-0006
 4.420E-0001,-5.98153E-0006
 4.430E-0001,-5.93575E-0006
 4.440E-0001,-5.89303E-0006
 4.450E-0001,-5.85030E-0006
 4.460E-0001,-5.80758E-0006
 4.470E-0001,-5.75875E-0006
 4.480E-0001,-5.70992E-0006
 4.490E-0001,-5.67025E-0006
 4.500E-0001,-5.62752E-0006
 4.510E-0001,-5.59090E-0006
 4.520E-0001,-5.54818E-0006
 4.530E-0001,-5.50545E-0006
 4.540E-0001,-5.46272E-0006
 4.550E-0001,-5.41695E-0006
 4.560E-0001,-5.38033E-0006
 4.570E-0001,-5.33760E-0006
 4.580E-0001,-5.30403E-0006
 4.590E-0001,-5.26741E-0006
 4.600E-0001,-5.22468E-0006
 4.610E-0001,-5.18806E-0006
 4.620E-0001,-5.15449E-0006
 4.630E-0001,-5.11177E-0006
 4.640E-0001,-5.07209E-0006
 4.650E-0001,-5.03852E-0006
 4.660E-0001,-5.00801E-0006
 4.670E-0001,-4.96223E-0006
 4.680E-0001,-4.93171E-0006
 4.690E-0001,-4.89814E-0006
 4.700E-0001,-4.85847E-0006
 4.710E-0001,-4.82490E-0006
 4.720E-0001,-4.79438E-0006
 4.730E-0001,-4.76081E-0006
 4.740E-0001,-4.73334E-0006
 4.750E-0001,-4.69977E-0006
 4.760E-0001,-4.66926E-0006
 4.770E-0001,-4.63263E-0006
 4.780E-0001,-4.60212E-0006
 4.790E-0001,-4.56855E-0006
 4.800E-0001,-4.53498E-0006
 4.810E-0001,-4.50751E-0006
 4.820E-0001,-4.48310E-0006
 4.830E-0001,-4.44647E-0006
 4.840E-0001,-4.42206E-0006
 4.850E-0001,-4.39154E-0006
 4.860E-0001,-4.36102E-0006
 4.870E-0001,-4.33661E-0006
 4.880E-0001,-4.30304E-0006
 4.890E-0001,-4.27252E-0006
 4.900E-0001,-4.24811E-0006
 4.910E-0001,-4.22369E-0006
 4.920E-0001,-4.19317E-0006
 4.930E-0001,-4.16571E-0006
 4.940E-0001,-4.14129E-0006
 4.950E-0001,-4.11383E-0006
 4.960E-0001,-4.08636E-0006
 4.970E-0001,-4.05584E-0006
 4.980E-0001,-4.03143E-0006
 4.990E-0001,-4.00701E-0006
 5.000E-0001,-3.98260E-0006
 5.010E-0001,-3.96124E-0006
 5.020E-0001,-3.92767E-0006
 5.030E-0001,-3.90325E-0006
 5.040E-0001,-3.88189E-0006
 5.050E-0001,-3.85137E-0006
 5.060E-0001,-3.83611E-0006
 5.070E-0001,-3.80560E-0006
 5.080E-0001,-3.78423E-0006
 5.090E-0001,-3.76897E-0006
 5.100E-0001,-3.73540E-0006
 5.110E-0001,-3.72014E-0006
 5.120E-0001,-3.69268E-0006
 5.130E-0001,-3.66826E-0006
 5.140E-0001,-3.64995E-0006
 5.150E-0001,-3.63164E-0006
 5.160E-0001,-3.60112E-0006
 5.170E-0001,-3.57976E-0006
 5.180E-0001,-3.56145E-0006
 5.190E-0001,-3.54619E-0006
 5.200E-0001,-3.52788E-0006
 5.210E-0001,-3.50041E-0006
 5.220E-0001,-3.47905E-0006
 5.230E-0001,-3.45769E-0006
 5.240E-0001,-3.43938E-0006
 5.250E-0001,-3.42412E-0006
 5.260E-0001,-3.39971E-0006
 5.270E-0001,-3.37834E-0006
 5.280E-0001,-3.36308E-0006
 5.290E-0001,-3.34782E-0006
 5.300E-0001,-3.32341E-0006
 5.310E-0001,-3.29900E-0006
 5.320E-0001,-3.28374E-0006
 5.330E-0001,-3.26543E-0006
 5.340E-0001,-3.24711E-0006
 5.350E-0001,-3.23491E-0006
 5.360E-0001,-3.20744E-0006
 5.370E-0001,-3.18913E-0006
 5.380E-0001,-3.17692E-0006
 5.390E-0001,-3.15251E-0006
 5.400E-0001,-3.13725E-0006
 5.410E-0001,-3.12199E-0006
 5.420E-0001,-3.10063E-0006
 5.430E-0001,-3.08537E-0006
 5.440E-0001,-3.07316E-0006
 5.450E-0001,-3.05180E-0006
 5.460E-0001,-3.03654E-0006
 5.470E-0001,-3.01518E-0006
 5.480E-0001,-3.00297E-0006
 5.490E-0001,-2.98161E-0006
 5.500E-0001,-2.97550E-0006
 5.510E-0001,-2.95414E-0006
 5.520E-0001,-2.94193E-0006
 5.530E-0001,-2.92362E-0006
 5.540E-0001,-2.90531E-0006
 5.550E-0001,-2.89005E-0006
 5.560E-0001,-2.87479E-0006
 5.570E-0001,-2.86564E-0006
 5.580E-0001,-2.84733E-0006
 5.590E-0001,-2.83817E-0006
 5.600E-0001,-2.82291E-0006
 5.610E-0001,-2.80460E-0006
 5.620E-0001,-2.79545E-0006
 5.630E-0001,-2.78934E-0006
 5.640E-0001,-2.76493E-0006
 5.650E-0001,-2.75272E-0006
 5.660E-0001,-2.73746E-0006
 5.670E-0001,-2.72831E-0006
 5.680E-0001,-2.71000E-0006
 5.690E-0001,-2.69474E-0006
 5.700E-0001,-2.68253E-0006
 5.710E-0001,-2.67032E-0006
 5.720E-0001,-2.65812E-0006
 5.730E-0001,-2.64591E-0006
 5.740E-0001,-2.63065E-0006
 5.750E-0001,-2.61844E-0006
 5.760E-0001,-2.60318E-0006
 5.770E-0001,-2.59098E-0006
 5.780E-0001,-2.57572E-0006
 5.790E-0001,-2.56656E-0006
 5.800E-0001,-2.55436E-0006
 5.810E-0001,-2.54825E-0006
 5.820E-0001,-2.53299E-0006
 5.830E-0001,-2.52079E-0006
 5.840E-0001,-2.50553E-0006
 5.850E-0001,-2.49942E-0006
 5.860E-0001,-2.48416E-0006
 5.870E-0001,-2.47501E-0006
 5.880E-0001,-2.46280E-0006
 5.890E-0001,-2.45059E-0006
 5.900E-0001,-2.44144E-0006
 5.910E-0001,-2.42618E-0006
 5.920E-0001,-2.41702E-0006
 5.930E-0001,-2.40482E-0006
 5.940E-0001,-2.39871E-0006
 5.950E-0001,-2.38651E-0006
 5.960E-0001,-2.37430E-0006
 5.970E-0001,-2.36209E-0006
 5.980E-0001,-2.35294E-0006
 5.990E-0001,-2.34378E-0006
 6.000E-0001,-2.33463E-0006
 6.010E-0001,-2.32852E-0006
 6.020E-0001,-2.31631E-0006
 6.030E-0001,-2.30411E-0006
 6.040E-0001,-2.30411E-0006
 6.050E-0001,-2.28580E-0006
 6.060E-0001,-2.27664E-0006
 6.070E-0001,-2.26443E-0006
 6.080E-0001,-2.25833E-0006
 6.090E-0001,-2.25528E-0006
 6.100E-0001,-2.24002E-0006
 6.110E-0001,-2.23086E-0006
 6.120E-0001,-2.22171E-0006
 6.130E-0001,-2.21560E-0006
 6.140E-0001,-2.20035E-0006
 6.150E-0001,-2.18814E-0006
 6.160E-0001,-2.18814E-0006
 6.170E-0001,-2.17288E-0006
 6.180E-0001,-2.17288E-0006
 6.190E-0001,-2.16372E-0006
 6.200E-0001,-2.15457E-0006
 6.210E-0001,-2.14236E-0006
 6.220E-0001,-2.13626E-0006
 6.230E-0001,-2.13015E-0006
 6.240E-0001,-2.12710E-0006
 6.250E-0001,-2.11490E-0006
 6.260E-0001,-2.10269E-0006
 6.270E-0001,-2.09964E-0006
 6.280E-0001,-2.10269E-0006
 6.290E-0001,-2.08743E-0006
 6.300E-0001,-2.08133E-0006
 6.310E-0001,-2.06912E-0006
 6.320E-0001,-2.06301E-0006
 6.330E-0001,-2.05081E-0006
 6.340E-0001,-2.05081E-0006
 6.350E-0001,-2.04470E-0006
 6.360E-0001,-2.03250E-0006
 6.370E-0001,-2.02944E-0006
 6.380E-0001,-2.02029E-0006
 6.390E-0001,-2.01419E-0006
 6.400E-0001,-2.00808E-0006
 6.410E-0001,-1.99282E-0006
 6.420E-0001,-1.99893E-0006
 6.430E-0001,-1.98672E-0006
 6.440E-0001,-1.98367E-0006
 6.450E-0001,-1.97756E-0006
 6.460E-0001,-1.96841E-0006
 6.470E-0001,-1.95925E-0006
 6.480E-0001,-1.96231E-0006
 6.490E-0001,-1.95315E-0006
 6.500E-0001,-1.94705E-0006
 6.510E-0001,-1.94094E-0006
 6.520E-0001,-1.94094E-0006
 6.530E-0001,-1.92874E-0006
 6.540E-0001,-1.92568E-0006
 6.550E-0001,-1.91653E-0006
 6.560E-0001,-1.91348E-0006
 6.570E-0001,-1.90737E-0006
 6.580E-0001,-1.90127E-0006
 6.590E-0001,-1.89517E-0006
 6.600E-0001,-1.89517E-0006
 6.610E-0001,-1.88601E-0006
 6.620E-0001,-1.87991E-0006
 6.630E-0001,-1.87685E-0006
 6.640E-0001,-1.87380E-0006
 6.650E-0001,-1.87075E-0006
 6.660E-0001,-1.86160E-0006
 6.670E-0001,-1.85854E-0006
 6.680E-0001,-1.84939E-0006
 6.690E-0001,-1.84939E-0006
 6.700E-0001,-1.84328E-0006
 6.710E-0001,-1.84328E-0006
 6.720E-0001,-1.83108E-0006
 6.730E-0001,-1.83108E-0006
 6.740E-0001,-1.83108E-0006
 6.750E-0001,-1.83108E-0006
 6.760E-0001,-1.81887E-0006
 6.770E-0001,-1.81582E-0006
 6.780E-0001,-1.81582E-0006
 6.790E-0001,-1.80666E-0006
 6.800E-0001,-1.80971E-0006
 6.810E-0001,-1.80361E-0006
 6.820E-0001,-1.79751E-0006
 6.830E-0001,-1.79446E-0006
 6.840E-0001,-1.79446E-0006
 6.850E-0001,-1.78835E-0006
 6.860E-0001,-1.78835E-0006
 6.870E-0001,-1.78225E-0006
 6.880E-0001,-1.78225E-0006
 6.890E-0001,-1.78225E-0006
 6.900E-0001,-1.77615E-0006
 6.910E-0001,-1.77615E-0006
 6.920E-0001,-1.76394E-0006
 6.930E-0001,-1.76089E-0006
 6.940E-0001,-1.75783E-0006
 6.950E-0001,-1.75783E-0006
 6.960E-0001,-1.75173E-0006
 6.970E-0001,-1.74868E-0006
 6.980E-0001,-1.74868E-0006
 6.990E-0001,-1.74868E-0006
 7.000E-0001,-1.74258E-0006
 7.010E-0001,-1.73647E-0006
 7.020E-0001,-1.74563E-0006
 7.030E-0001,-1.73952E-0006
 7.040E-0001,-1.74258E-0006
 7.050E-0001,-1.74563E-0006
 7.060E-0001,-1.73647E-0006
 7.070E-0001,-1.73342E-0006
 7.080E-0001,-1.72732E-0006
 7.090E-0001,-1.72732E-0006
 7.100E-0001,-1.73037E-0006
 7.110E-0001,-1.72732E-0006
 7.120E-0001,-1.72426E-0006
 7.130E-0001,-1.73342E-0006
 7.140E-0001,-1.73342E-0006
 7.150E-0001,-1.73037E-0006
 7.160E-0001,-1.72732E-0006
 7.170E-0001,-1.72426E-0006
 7.180E-0001,-1.71816E-0006
 7.190E-0001,-1.71511E-0006
 7.200E-0001,-1.71511E-0006
 7.210E-0001,-1.71206E-0006
 7.220E-0001,-1.71511E-0006
 7.230E-0001,-1.71816E-0006
 7.240E-0001,-1.70901E-0006
 7.250E-0001,-1.71206E-0006
 7.260E-0001,-1.70901E-0006
 7.270E-0001,-1.70290E-0006
 7.280E-0001,-1.70901E-0006
 7.290E-0001,-1.70901E-0006
 7.300E-0001,-1.70595E-0006
 7.310E-0001,-1.70901E-0006
 7.320E-0001,-1.70290E-0006
 7.330E-0001,-1.69985E-0006
 7.340E-0001,-1.70595E-0006
 7.350E-0001,-1.70595E-0006
 7.360E-0001,-1.70595E-0006
 7.370E-0001,-1.70290E-0006
 7.380E-0001,-1.71206E-0006
 7.390E-0001,-1.70901E-0006
 7.400E-0001,-1.70290E-0006
 7.410E-0001,-1.69985E-0006
 7.420E-0001,-1.70290E-0006
 7.430E-0001,-1.70901E-0006
 7.440E-0001,-1.70901E-0006
 7.450E-0001,-1.70595E-0006
 7.460E-0001,-1.70595E-0006
 7.470E-0001,-1.70595E-0006
 7.480E-0001,-1.70901E-0006
 7.490E-0001,-1.70901E-0006
 7.500E-0001,-1.70595E-0006
 7.510E-0001,-1.70901E-0006
 7.520E-0001,-1.70901E-0006
 7.530E-0001,-1.70595E-0006
 7.540E-0001,-1.70901E-0006
 7.550E-0001,-1.71511E-0006
 7.560E-0001,-1.70595E-0006
 7.570E-0001,-1.70901E-0006
 7.580E-0001,-1.70901E-0006
 7.590E-0001,-1.70901E-0006
 7.600E-0001,-1.70901E-0006
 7.610E-0001,-1.71206E-0006
 7.620E-0001,-1.71511E-0006
 7.630E-0001,-1.71816E-0006
 7.640E-0001,-1.72121E-0006
 7.650E-0001,-1.72121E-0006
 7.660E-0001,-1.71816E-0006
 7.670E-0001,-1.71816E-0006
 7.680E-0001,-1.72121E-0006
 7.690E-0001,-1.72121E-0006
 7.700E-0001,-1.72121E-0006
 7.710E-0001,-1.72426E-0006
 7.720E-0001,-1.72426E-0006
 7.730E-0001,-1.72121E-0006
 7.740E-0001,-1.71816E-0006
 7.750E-0001,-1.72426E-0006
 7.760E-0001,-1.72732E-0006
 7.770E-0001,-1.73037E-0006
 7.780E-0001,-1.72732E-0006
 7.790E-0001,-1.73037E-0006
 7.800E-0001,-1.73647E-0006
 7.810E-0001,-1.72732E-0006
 7.820E-0001,-1.73952E-0006
 7.830E-0001,-1.73647E-0006
 7.840E-0001,-1.73342E-0006
 7.850E-0001,-1.73952E-0006
 7.860E-0001,-1.74868E-0006
 7.870E-0001,-1.74563E-0006
 7.880E-0001,-1.74563E-0006
 7.890E-0001,-1.74868E-0006
 7.900E-0001,-1.75783E-0006
 7.910E-0001,-1.75173E-0006
 7.920E-0001,-1.75478E-0006
 7.930E-0001,-1.76394E-0006
 7.940E-0001,-1.76089E-0006
 7.950E-0001,-1.75478E-0006
 7.960E-0001,-1.76089E-0006
 7.970E-0001,-1.76394E-0006
 7.980E-0001,-1.76699E-0006
 7.990E-0001,-1.77004E-0006
 8.000E-0001,-1.77004E-0006
