
 7.990E-0001,-7.29381E-0007
 7.980E-0001,-5.61532E-0007
 7.970E-0001,-5.70687E-0007
 7.960E-0001,-5.67635E-0007
 7.950E-0001,-5.49324E-0007
 7.940E-0001,-5.58480E-0007
 7.930E-0001,-5.85946E-0007
 7.920E-0001,-5.73739E-0007
 7.910E-0001,-5.24910E-0007
 7.900E-0001,-4.76081E-0007
 7.890E-0001,-4.79133E-0007
 7.880E-0001,-4.94392E-0007
 7.870E-0001,-4.85236E-0007
 7.860E-0001,-4.33356E-0007
 7.850E-0001,-3.96734E-0007
 7.840E-0001,-4.05889E-0007
 7.830E-0001,-4.11993E-0007
 7.820E-0001,-4.11993E-0007
 7.810E-0001,-3.63164E-0007
 7.800E-0001,-3.23491E-0007
 7.790E-0001,-3.29594E-0007
 7.780E-0001,-3.38750E-0007
 7.770E-0001,-3.41802E-0007
 7.760E-0001,-2.89921E-0007
 7.750E-0001,-2.44144E-0007
 7.740E-0001,-2.56351E-0007
 7.730E-0001,-2.80766E-0007
 7.720E-0001,-2.80766E-0007
 7.710E-0001,-2.34988E-0007
 7.700E-0001,-1.89211E-0007
 7.690E-0001,-2.13626E-0007
 7.680E-0001,-2.28885E-0007
 7.670E-0001,-2.25833E-0007
 7.660E-0001,-1.80056E-0007
 7.650E-0001,-1.31227E-0007
 7.640E-0001,-1.58693E-0007
 7.630E-0001,-1.73952E-0007
 7.620E-0001,-1.70901E-0007
 7.610E-0001,-1.28175E-0007
 7.600E-0001,-9.76577E-0008
 7.590E-0001,-1.19020E-0007
 7.580E-0001,-1.25123E-0007
 7.570E-0001,-1.31227E-0007
 7.560E-0001,-8.54505E-0008
 7.550E-0001,-5.79842E-0008
 7.540E-0001,-7.32433E-0008
 7.530E-0001,-9.76577E-0008
 7.520E-0001,-9.15541E-0008
 7.510E-0001,-4.88288E-0008
 7.500E-0001,-1.83108E-0008
 7.490E-0001,-3.66216E-0008
 7.480E-0001,-5.18806E-0008
 7.470E-0001,-5.79842E-0008
 7.460E-0001,-9.15541E-0009
 7.450E-0001, 1.83108E-0008
 7.440E-0001, 3.05180E-0009
 7.430E-0001,-1.52590E-0008
 7.420E-0001,-2.44144E-0008
 7.410E-0001, 1.52590E-0008
 7.400E-0001, 6.10360E-0008
 7.390E-0001, 3.35698E-0008
 7.380E-0001, 1.52590E-0008
 7.370E-0001, 6.10360E-0009
 7.360E-0001, 5.18806E-0008
 7.350E-0001, 8.85023E-0008
 7.340E-0001, 6.40878E-0008
 7.330E-0001, 3.96734E-0008
 7.320E-0001, 4.27252E-0008
 7.310E-0001, 8.54505E-0008
 7.300E-0001, 1.15968E-0007
 7.290E-0001, 9.15541E-0008
 7.280E-0001, 7.01915E-0008
 7.270E-0001, 6.71396E-0008
 7.260E-0001, 1.03761E-0007
 7.250E-0001, 1.49538E-0007
 7.240E-0001, 1.22072E-0007
 7.230E-0001, 8.85023E-0008
 7.220E-0001, 8.85023E-0008
 7.210E-0001, 1.31227E-0007
 7.200E-0001, 1.64797E-0007
 7.190E-0001, 1.34279E-0007
 7.180E-0001, 1.19020E-0007
 7.170E-0001, 1.19020E-0007
 7.160E-0001, 1.52590E-0007
 7.150E-0001, 1.89211E-0007
 7.140E-0001, 1.64797E-0007
 7.130E-0001, 1.40383E-0007
 7.120E-0001, 1.31227E-0007
 7.110E-0001, 1.83108E-0007
 7.100E-0001, 2.07522E-0007
 7.090E-0001, 1.83108E-0007
 7.080E-0001, 1.55642E-0007
 7.070E-0001, 1.58693E-0007
 7.060E-0001, 1.92263E-0007
 7.050E-0001, 2.25833E-0007
 7.040E-0001, 2.01419E-0007
 7.030E-0001, 1.77004E-0007
 7.020E-0001, 1.73952E-0007
 7.010E-0001, 2.16678E-0007
 7.000E-0001, 2.47196E-0007
 6.990E-0001, 2.10574E-0007
 6.980E-0001, 2.04470E-0007
 6.970E-0001, 1.98367E-0007
 6.960E-0001, 2.38040E-0007
 6.950E-0001, 2.68558E-0007
 6.940E-0001, 2.44144E-0007
 6.930E-0001, 2.13626E-0007
 6.920E-0001, 2.13626E-0007
 6.910E-0001, 2.50247E-0007
 6.900E-0001, 2.80766E-0007
 6.890E-0001, 2.50247E-0007
 6.880E-0001, 2.28885E-0007
 6.870E-0001, 2.22781E-0007
 6.860E-0001, 2.65506E-0007
 6.850E-0001, 3.08232E-0007
 6.840E-0001, 2.68558E-0007
 6.830E-0001, 2.47196E-0007
 6.820E-0001, 2.44144E-0007
 6.810E-0001, 2.83817E-0007
 6.800E-0001, 3.11284E-0007
 6.790E-0001, 2.77714E-0007
 6.780E-0001, 2.53299E-0007
 6.770E-0001, 2.53299E-0007
 6.760E-0001, 2.92973E-0007
 6.750E-0001, 3.23491E-0007
 6.740E-0001, 2.89921E-0007
 6.730E-0001, 2.59403E-0007
 6.720E-0001, 2.68558E-0007
 6.710E-0001, 3.08232E-0007
 6.700E-0001, 3.38750E-0007
 6.690E-0001, 3.05180E-0007
 6.680E-0001, 2.77714E-0007
 6.670E-0001, 2.83817E-0007
 6.660E-0001, 3.14335E-0007
 6.650E-0001, 3.50957E-0007
 6.640E-0001, 3.23491E-0007
 6.630E-0001, 2.86869E-0007
 6.620E-0001, 2.89921E-0007
 6.610E-0001, 3.29594E-0007
 6.600E-0001, 3.66216E-0007
 6.590E-0001, 3.26543E-0007
 6.580E-0001, 2.99076E-0007
 6.570E-0001, 3.02128E-0007
 6.560E-0001, 3.41802E-0007
 6.550E-0001, 3.75371E-0007
 6.540E-0001, 3.32646E-0007
 6.530E-0001, 3.11284E-0007
 6.520E-0001, 3.11284E-0007
 6.510E-0001, 3.57061E-0007
 6.500E-0001, 3.84527E-0007
 6.490E-0001, 3.44853E-0007
 6.480E-0001, 3.29594E-0007
 6.470E-0001, 3.20439E-0007
 6.460E-0001, 3.63164E-0007
 6.450E-0001, 3.99786E-0007
 6.440E-0001, 3.69268E-0007
 6.430E-0001, 3.29594E-0007
 6.420E-0001, 3.38750E-0007
 6.410E-0001, 3.75371E-0007
 6.400E-0001, 4.02838E-0007
 6.390E-0001, 3.69268E-0007
 6.380E-0001, 3.38750E-0007
 6.370E-0001, 3.44853E-0007
 6.360E-0001, 3.84527E-0007
 6.350E-0001, 4.18097E-0007
 6.340E-0001, 3.90630E-0007
 6.330E-0001, 3.57061E-0007
 6.320E-0001, 3.60112E-0007
 6.310E-0001, 3.99786E-0007
 6.300E-0001, 4.30304E-0007
 6.290E-0001, 3.96734E-0007
 6.280E-0001, 3.63164E-0007
 6.270E-0001, 3.75371E-0007
 6.260E-0001, 4.08941E-0007
 6.250E-0001, 4.39459E-0007
 6.240E-0001, 4.11993E-0007
 6.230E-0001, 3.87579E-0007
 6.220E-0001, 3.81475E-0007
 6.210E-0001, 4.24200E-0007
 6.200E-0001, 4.42511E-0007
 6.190E-0001, 4.15045E-0007
 6.180E-0001, 3.81475E-0007
 6.170E-0001, 3.90630E-0007
 6.160E-0001, 4.33356E-0007
 6.150E-0001, 4.54718E-0007
 6.140E-0001, 4.11993E-0007
 6.130E-0001, 4.02838E-0007
 6.120E-0001, 3.96734E-0007
 6.110E-0001, 4.36408E-0007
 6.100E-0001, 4.66926E-0007
 6.090E-0001, 4.36408E-0007
 6.080E-0001, 4.08941E-0007
 6.070E-0001, 4.02838E-0007
 6.060E-0001, 4.42511E-0007
 6.050E-0001, 4.73029E-0007
 6.040E-0001, 4.39459E-0007
 6.030E-0001, 4.15045E-0007
 6.020E-0001, 4.18097E-0007
 6.010E-0001, 4.57770E-0007
 6.000E-0001, 4.85236E-0007
 5.990E-0001, 4.45563E-0007
 5.980E-0001, 4.24200E-0007
 5.970E-0001, 4.27252E-0007
 5.960E-0001, 4.54718E-0007
 5.950E-0001, 4.94392E-0007
 5.940E-0001, 4.63874E-0007
 5.930E-0001, 4.39459E-0007
 5.920E-0001, 4.42511E-0007
 5.910E-0001, 4.79133E-0007
 5.900E-0001, 5.03547E-0007
 5.890E-0001, 4.66926E-0007
 5.880E-0001, 4.42511E-0007
 5.870E-0001, 4.51667E-0007
 5.860E-0001, 4.82185E-0007
 5.850E-0001, 5.06599E-0007
 5.840E-0001, 4.69977E-0007
 5.830E-0001, 4.48615E-0007
 5.820E-0001, 4.60822E-0007
 5.810E-0001, 5.00495E-0007
 5.800E-0001, 5.21858E-0007
 5.790E-0001, 4.88288E-0007
 5.780E-0001, 4.60822E-0007
 5.770E-0001, 4.69977E-0007
 5.760E-0001, 5.12703E-0007
 5.750E-0001, 5.24910E-0007
 5.740E-0001, 4.91340E-0007
 5.730E-0001, 4.73029E-0007
 5.720E-0001, 4.85236E-0007
 5.710E-0001, 5.18806E-0007
 5.700E-0001, 5.37117E-0007
 5.690E-0001, 5.00495E-0007
 5.680E-0001, 4.79133E-0007
 5.670E-0001, 4.85236E-0007
 5.660E-0001, 5.24910E-0007
 5.650E-0001, 5.55428E-0007
 5.640E-0001, 5.18806E-0007
 5.630E-0001, 4.94392E-0007
 5.620E-0001, 4.97444E-0007
 5.610E-0001, 5.31013E-0007
 5.600E-0001, 5.55428E-0007
 5.590E-0001, 5.15754E-0007
 5.580E-0001, 4.97444E-0007
 5.570E-0001, 5.09651E-0007
 5.560E-0001, 5.40169E-0007
 5.550E-0001, 5.67635E-0007
 5.540E-0001, 5.27962E-0007
 5.530E-0001, 5.12703E-0007
 5.520E-0001, 5.21858E-0007
 5.510E-0001, 5.46272E-0007
 5.500E-0001, 5.70687E-0007
 5.490E-0001, 5.40169E-0007
 5.480E-0001, 5.18806E-0007
 5.470E-0001, 5.27962E-0007
 5.460E-0001, 5.61532E-0007
 5.450E-0001, 5.79842E-0007
 5.440E-0001, 5.49324E-0007
 5.430E-0001, 5.24910E-0007
 5.420E-0001, 5.40169E-0007
 5.410E-0001, 5.64583E-0007
 5.400E-0001, 5.88998E-0007
 5.390E-0001, 5.58480E-0007
 5.380E-0001, 5.37117E-0007
 5.370E-0001, 5.43221E-0007
 5.360E-0001, 5.64583E-0007
 5.350E-0001, 6.01205E-0007
 5.340E-0001, 5.67635E-0007
 5.330E-0001, 5.43221E-0007
 5.320E-0001, 5.52376E-0007
 5.310E-0001, 5.88998E-0007
 5.300E-0001, 6.07309E-0007
 5.290E-0001, 5.70687E-0007
 5.280E-0001, 5.52376E-0007
 5.270E-0001, 5.58480E-0007
 5.260E-0001, 5.85946E-0007
 5.250E-0001, 6.19516E-0007
 5.240E-0001, 5.79842E-0007
 5.230E-0001, 5.64583E-0007
 5.220E-0001, 5.70687E-0007
 5.210E-0001, 6.07309E-0007
 5.200E-0001, 6.34775E-0007
 5.190E-0001, 5.92050E-0007
 5.180E-0001, 5.70687E-0007
 5.170E-0001, 5.76791E-0007
 5.160E-0001, 6.10360E-0007
 5.150E-0001, 6.31723E-0007
 5.140E-0001, 6.04257E-0007
 5.130E-0001, 5.79842E-0007
 5.120E-0001, 5.92050E-0007
 5.110E-0001, 6.16464E-0007
 5.100E-0001, 6.40878E-0007
 5.090E-0001, 6.04257E-0007
 5.080E-0001, 5.82894E-0007
 5.070E-0001, 6.01205E-0007
 5.060E-0001, 6.25619E-0007
 5.050E-0001, 6.43930E-0007
 5.040E-0001, 6.16464E-0007
 5.030E-0001, 5.95101E-0007
 5.020E-0001, 6.01205E-0007
 5.010E-0001, 6.31723E-0007
 5.000E-0001, 6.59189E-0007
 4.990E-0001, 6.22568E-0007
 4.980E-0001, 6.04257E-0007
 4.970E-0001, 6.10360E-0007
 4.960E-0001, 6.37827E-0007
 4.950E-0001, 6.65293E-0007
 4.940E-0001, 6.37827E-0007
 4.930E-0001, 6.16464E-0007
 4.920E-0001, 6.16464E-0007
 4.910E-0001, 6.43930E-0007
 4.900E-0001, 6.71396E-0007
 4.890E-0001, 6.34775E-0007
 4.880E-0001, 6.19516E-0007
 4.870E-0001, 6.22568E-0007
 4.860E-0001, 6.46982E-0007
 4.850E-0001, 6.68345E-0007
 4.840E-0001, 6.50034E-0007
 4.830E-0001, 6.28671E-0007
 4.820E-0001, 6.25619E-0007
 4.810E-0001, 6.62241E-0007
 4.800E-0001, 6.86655E-0007
 4.790E-0001, 6.59189E-0007
 4.780E-0001, 6.34775E-0007
 4.770E-0001, 6.43930E-0007
 4.760E-0001, 6.68345E-0007
 4.750E-0001, 6.89707E-0007
 4.740E-0001, 6.62241E-0007
 4.730E-0001, 6.34775E-0007
 4.720E-0001, 6.40878E-0007
 4.710E-0001, 6.74448E-0007
 4.700E-0001, 6.95811E-0007
 4.690E-0001, 6.68345E-0007
 4.680E-0001, 6.53086E-0007
 4.670E-0001, 6.53086E-0007
 4.660E-0001, 6.83604E-0007
 4.650E-0001, 7.01915E-0007
 4.640E-0001, 6.74448E-0007
 4.630E-0001, 6.62241E-0007
 4.620E-0001, 6.59189E-0007
 4.610E-0001, 6.92759E-0007
 4.600E-0001, 7.17174E-0007
 4.590E-0001, 6.83604E-0007
 4.580E-0001, 6.62241E-0007
 4.570E-0001, 6.68345E-0007
 4.560E-0001, 6.98863E-0007
 4.550E-0001, 7.20225E-0007
 4.540E-0001, 6.92759E-0007
 4.530E-0001, 6.80552E-0007
 4.520E-0001, 6.83604E-0007
 4.510E-0001, 7.11070E-0007
 4.500E-0001, 7.35484E-0007
 4.490E-0001, 7.08018E-0007
 4.480E-0001, 6.92759E-0007
 4.470E-0001, 6.95811E-0007
 4.460E-0001, 7.26329E-0007
 4.450E-0001, 7.53795E-0007
 4.440E-0001, 7.20225E-0007
 4.430E-0001, 7.11070E-0007
 4.420E-0001, 7.14122E-0007
 4.410E-0001, 7.44640E-0007
 4.400E-0001, 7.72106E-0007
 4.390E-0001, 7.47692E-0007
 4.380E-0001, 7.32433E-0007
 4.370E-0001, 7.38536E-0007
 4.360E-0001, 7.66002E-0007
 4.350E-0001, 7.96520E-0007
 4.340E-0001, 7.69054E-0007
 4.330E-0001, 7.53795E-0007
 4.320E-0001, 7.56847E-0007
 4.310E-0001, 7.93469E-0007
 4.300E-0001, 8.14831E-0007
 4.290E-0001, 8.02624E-0007
 4.280E-0001, 7.84313E-0007
 4.270E-0001, 7.93469E-0007
 4.260E-0001, 8.20935E-0007
 4.250E-0001, 8.51453E-0007
 4.240E-0001, 8.30090E-0007
 4.230E-0001, 8.23987E-0007
 4.220E-0001, 8.20935E-0007
 4.210E-0001, 8.60608E-0007
 4.200E-0001, 8.81971E-0007
 4.190E-0001, 8.72816E-0007
 4.180E-0001, 8.57557E-0007
 4.170E-0001, 8.66712E-0007
 4.160E-0001, 8.97230E-0007
 4.150E-0001, 9.30800E-0007
 4.140E-0001, 9.12489E-0007
 4.130E-0001, 9.06385E-0007
 4.120E-0001, 9.09437E-0007
 4.110E-0001, 9.55214E-0007
 4.100E-0001, 9.85732E-0007
 4.090E-0001, 9.49111E-0007
 4.080E-0001, 9.55214E-0007
 4.070E-0001, 9.70473E-0007
 4.060E-0001, 1.01014E-0006
 4.050E-0001, 1.05287E-0006
 4.040E-0001, 1.04066E-0006
 4.030E-0001, 1.03150E-0006
 4.020E-0001, 1.03761E-0006
 4.010E-0001, 1.08033E-0006
 4.000E-0001, 1.12001E-0006
 3.990E-0001, 1.11390E-0006
 3.980E-0001, 1.11390E-0006
 3.970E-0001, 1.12306E-0006
 3.960E-0001, 1.16578E-0006
 3.950E-0001, 1.20851E-0006
 3.940E-0001, 1.20851E-0006
 3.930E-0001, 1.20851E-0006
 3.920E-0001, 1.22987E-0006
 3.910E-0001, 1.27565E-0006
 3.900E-0001, 1.32143E-0006
 3.890E-0001, 1.32753E-0006
 3.880E-0001, 1.32448E-0006
 3.870E-0001, 1.34584E-0006
 3.860E-0001, 1.39772E-0006
 3.850E-0001, 1.44350E-0006
 3.840E-0001, 1.45571E-0006
 3.830E-0001, 1.45265E-0006
 3.820E-0001, 1.48317E-0006
 3.810E-0001, 1.54116E-0006
 3.800E-0001, 1.58999E-0006
 3.790E-0001, 1.61440E-0006
 3.780E-0001, 1.61745E-0006
 3.770E-0001, 1.63881E-0006
 3.760E-0001, 1.71206E-0006
 3.750E-0001, 1.77615E-0006
 3.740E-0001, 1.80666E-0006
 3.730E-0001, 1.81887E-0006
 3.720E-0001, 1.84023E-0006
 3.710E-0001, 1.91042E-0006
 3.700E-0001, 1.98367E-0006
 3.690E-0001, 2.02029E-0006
 3.680E-0001, 2.04165E-0006
 3.670E-0001, 2.07827E-0006
 3.660E-0001, 2.16067E-0006
 3.650E-0001, 2.24002E-0006
 3.640E-0001, 2.28274E-0006
 3.630E-0001, 2.31326E-0006
 3.620E-0001, 2.35294E-0006
 3.610E-0001, 2.44449E-0006
 3.600E-0001, 2.53910E-0006
 3.590E-0001, 2.59403E-0006
 3.580E-0001, 2.63981E-0006
 3.570E-0001, 2.68863E-0006
 3.560E-0001, 2.78934E-0006
 3.550E-0001, 2.89311E-0006
 3.540E-0001, 2.95109E-0006
 3.530E-0001, 3.00907E-0006
 3.520E-0001, 3.06706E-0006
 3.510E-0001, 3.17998E-0006
 3.500E-0001, 3.30205E-0006
 3.490E-0001, 3.38445E-0006
 3.480E-0001, 3.45769E-0006
 3.470E-0001, 3.52483E-0006
 3.460E-0001, 3.63775E-0006
 3.450E-0001, 3.76592E-0006
 3.440E-0001, 3.87884E-0006
 3.430E-0001, 3.96124E-0006
 3.420E-0001, 4.04669E-0006
 3.410E-0001, 4.18097E-0006
 3.400E-0001, 4.34271E-0006
 3.390E-0001, 4.45563E-0006
 3.380E-0001, 4.54718E-0006
 3.370E-0001, 4.65400E-0006
 3.360E-0001, 4.81269E-0006
 3.350E-0001, 4.98664E-0006
 3.340E-0001, 5.12397E-0006
 3.330E-0001, 5.24299E-0006
 3.320E-0001, 5.34370E-0006
 3.310E-0001, 5.52071E-0006
 3.300E-0001, 5.70687E-0006
 3.290E-0001, 5.87472E-0006
 3.280E-0001, 6.01205E-0006
 3.270E-0001, 6.14023E-0006
 3.260E-0001, 6.34164E-0006
 3.250E-0001, 6.56748E-0006
 3.240E-0001, 6.74143E-0006
 3.230E-0001, 6.90012E-0006
 3.220E-0001, 7.04661E-0006
 3.210E-0001, 7.27855E-0006
 3.200E-0001, 7.52269E-0006
 3.190E-0001, 7.72411E-0006
 3.180E-0001, 7.89501E-0006
 3.170E-0001, 8.07812E-0006
 3.160E-0001, 8.31921E-0006
 3.150E-0001, 8.60608E-0006
 3.140E-0001, 8.84412E-0006
 3.130E-0001, 9.04554E-0006
 3.120E-0001, 9.24086E-0006
 3.110E-0001, 9.50026E-0006
 3.100E-0001, 9.81460E-0006
 3.090E-0001, 1.00770E-0005
 3.080E-0001, 1.02967E-0005
 3.070E-0001, 1.05226E-0005
 3.060E-0001, 1.08064E-0005
 3.050E-0001, 1.11421E-0005
 3.040E-0001, 1.14503E-0005
 3.030E-0001, 1.16945E-0005
 3.020E-0001, 1.19356E-0005
 3.010E-0001, 1.22590E-0005
 3.000E-0001, 1.26161E-0005
 2.990E-0001, 1.29427E-0005
 2.980E-0001, 1.32265E-0005
 2.970E-0001, 1.34950E-0005
 2.960E-0001, 1.38368E-0005
 2.950E-0001, 1.42030E-0005
 2.940E-0001, 1.45510E-0005
 2.930E-0001, 1.48531E-0005
 2.920E-0001, 1.51766E-0005
 2.910E-0001, 1.55489E-0005
 2.900E-0001, 1.59487E-0005
 2.890E-0001, 1.63302E-0005
 2.880E-0001, 1.66567E-0005
 2.870E-0001, 1.69710E-0005
 2.860E-0001, 1.73678E-0005
 2.850E-0001, 1.78103E-0005
 2.840E-0001, 1.82314E-0005
 2.830E-0001, 1.85915E-0005
 2.820E-0001, 1.89242E-0005
 2.810E-0001, 1.93148E-0005
 2.800E-0001, 1.97482E-0005
 2.790E-0001, 2.02029E-0005
 2.780E-0001, 2.05844E-0005
 2.770E-0001, 2.09262E-0005
 2.760E-0001, 2.13687E-0005
 2.750E-0001, 2.18600E-0005
 2.740E-0001, 2.23056E-0005
 2.730E-0001, 2.26840E-0005
 2.720E-0001, 2.30563E-0005
 2.710E-0001, 2.35141E-0005
 2.700E-0001, 2.40299E-0005
 2.690E-0001, 2.45120E-0005
 2.680E-0001, 2.49057E-0005
 2.670E-0001, 2.53116E-0005
 2.660E-0001, 2.57907E-0005
 2.650E-0001, 2.62882E-0005
 2.640E-0001, 2.67704E-0005
 2.630E-0001, 2.71641E-0005
 2.620E-0001, 2.75333E-0005
 2.610E-0001, 2.79362E-0005
 2.600E-0001, 2.83634E-0005
 2.590E-0001, 2.88059E-0005
 2.580E-0001, 2.91630E-0005
 2.570E-0001, 2.95109E-0005
 2.560E-0001, 2.99412E-0005
 2.550E-0001, 3.04234E-0005
 2.540E-0001, 3.09056E-0005
 2.530E-0001, 3.12779E-0005
 2.520E-0001, 3.16014E-0005
 2.510E-0001, 3.19981E-0005
 2.500E-0001, 3.24528E-0005
 2.490E-0001, 3.29015E-0005
 2.480E-0001, 3.32951E-0005
 2.470E-0001, 3.36156E-0005
 2.460E-0001, 3.40245E-0005
 2.450E-0001, 3.44518E-0005
 2.440E-0001, 3.48729E-0005
 2.430E-0001, 3.52208E-0005
 2.420E-0001, 3.55230E-0005
 2.410E-0001, 3.59166E-0005
 2.400E-0001, 3.63561E-0005
 2.390E-0001, 3.67559E-0005
 2.380E-0001, 3.70611E-0005
 2.370E-0001, 3.73479E-0005
 2.360E-0001, 3.77050E-0005
 2.350E-0001, 3.81078E-0005
 2.340E-0001, 3.84679E-0005
 2.330E-0001, 3.87426E-0005
 2.320E-0001, 3.89837E-0005
 2.310E-0001, 3.92797E-0005
 2.300E-0001, 3.96154E-0005
 2.290E-0001, 3.99298E-0005
 2.280E-0001, 4.01922E-0005
 2.270E-0001, 4.04242E-0005
 2.260E-0001, 4.07080E-0005
 2.250E-0001, 4.09918E-0005
 2.240E-0001, 4.12634E-0005
 2.230E-0001, 4.14587E-0005
 2.220E-0001, 4.16327E-0005
 2.210E-0001, 4.18341E-0005
 2.200E-0001, 4.20874E-0005
 2.190E-0001, 4.23102E-0005
 2.180E-0001, 4.24383E-0005
 2.170E-0001, 4.25421E-0005
 2.160E-0001, 4.26977E-0005
 2.150E-0001, 4.28931E-0005
 2.140E-0001, 4.30731E-0005
 2.130E-0001, 4.31616E-0005
 2.120E-0001, 4.32227E-0005
 2.110E-0001, 4.33325E-0005
 2.100E-0001, 4.34729E-0005
 2.090E-0001, 4.35919E-0005
 2.080E-0001, 4.36285E-0005
 2.070E-0001, 4.36408E-0005
 2.060E-0001, 4.36926E-0005
 2.050E-0001, 4.37659E-0005
 2.040E-0001, 4.37933E-0005
 2.030E-0001, 4.37811E-0005
 2.020E-0001, 4.37506E-0005
 2.010E-0001, 4.37628E-0005
 2.000E-0001, 4.37903E-0005
 1.990E-0001, 4.37872E-0005
 1.980E-0001, 4.37415E-0005
 1.970E-0001, 4.36682E-0005
 1.960E-0001, 4.36224E-0005
 1.950E-0001, 4.36133E-0005
 1.940E-0001, 4.35889E-0005
 1.930E-0001, 4.34943E-0005
 1.920E-0001, 4.33844E-0005
 1.910E-0001, 4.33081E-0005
 1.900E-0001, 4.32654E-0005
 1.890E-0001, 4.31860E-0005
 1.880E-0001, 4.30701E-0005
 1.870E-0001, 4.29358E-0005
 1.860E-0001, 4.28320E-0005
 1.850E-0001, 4.27527E-0005
 1.840E-0001, 4.26611E-0005
 1.830E-0001, 4.25238E-0005
 1.820E-0001, 4.23651E-0005
 1.810E-0001, 4.22522E-0005
 1.800E-0001, 4.21545E-0005
 1.790E-0001, 4.20263E-0005
 1.780E-0001, 4.18554E-0005
 1.770E-0001, 4.16876E-0005
 1.760E-0001, 4.15594E-0005
 1.750E-0001, 4.14557E-0005
 1.740E-0001, 4.13183E-0005
 1.730E-0001, 4.11444E-0005
 1.720E-0001, 4.09552E-0005
 1.710E-0001, 4.08300E-0005
 1.700E-0001, 4.07110E-0005
 1.690E-0001, 4.05645E-0005
 1.680E-0001, 4.04089E-0005
 1.670E-0001, 4.02166E-0005
 1.660E-0001, 4.00610E-0005
 1.650E-0001, 3.99206E-0005
 1.640E-0001, 3.97619E-0005
 1.630E-0001, 3.95757E-0005
 1.620E-0001, 3.94110E-0005
 1.610E-0001, 3.92736E-0005
 1.600E-0001, 3.91424E-0005
 1.590E-0001, 3.90020E-0005
 1.580E-0001, 3.88250E-0005
 1.570E-0001, 3.86297E-0005
 1.560E-0001, 3.84771E-0005
 1.550E-0001, 3.83367E-0005
 1.540E-0001, 3.81872E-0005
 1.530E-0001, 3.80102E-0005
 1.520E-0001, 3.78271E-0005
 1.510E-0001, 3.76867E-0005
 1.500E-0001, 3.75707E-0005
 1.490E-0001, 3.74303E-0005
 1.480E-0001, 3.72625E-0005
 1.470E-0001, 3.70824E-0005
 1.460E-0001, 3.69451E-0005
 1.450E-0001, 3.68230E-0005
 1.440E-0001, 3.66735E-0005
 1.430E-0001, 3.65087E-0005
 1.420E-0001, 3.63469E-0005
 1.410E-0001, 3.62096E-0005
 1.400E-0001, 3.60906E-0005
 1.390E-0001, 3.59502E-0005
 1.380E-0001, 3.57976E-0005
 1.370E-0001, 3.56298E-0005
 1.360E-0001, 3.55138E-0005
 1.350E-0001, 3.53887E-0005
 1.340E-0001, 3.52666E-0005
 1.330E-0001, 3.51079E-0005
 1.320E-0001, 3.49523E-0005
 1.310E-0001, 3.48393E-0005
 1.300E-0001, 3.47203E-0005
 1.290E-0001, 3.45891E-0005
 1.280E-0001, 3.44457E-0005
 1.270E-0001, 3.42900E-0005
 1.260E-0001, 3.41832E-0005
 1.250E-0001, 3.40733E-0005
 1.240E-0001, 3.39543E-0005
 1.230E-0001, 3.38109E-0005
 1.220E-0001, 3.36675E-0005
 1.210E-0001, 3.35667E-0005
 1.200E-0001, 3.34630E-0005
 1.190E-0001, 3.33501E-0005
 1.180E-0001, 3.32127E-0005
 1.170E-0001, 3.30724E-0005
 1.160E-0001, 3.29716E-0005
 1.150E-0001, 3.28587E-0005
 1.140E-0001, 3.27489E-0005
 1.130E-0001, 3.26298E-0005
 1.120E-0001, 3.25078E-0005
 1.110E-0001, 3.24101E-0005
 1.100E-0001, 3.23186E-0005
 1.090E-0001, 3.22209E-0005
 1.080E-0001, 3.20958E-0005
 1.070E-0001, 3.19707E-0005
 1.060E-0001, 3.18852E-0005
 1.050E-0001, 3.18028E-0005
 1.040E-0001, 3.17082E-0005
 1.030E-0001, 3.15831E-0005
 1.020E-0001, 3.14641E-0005
 1.010E-0001, 3.13847E-0005
 1.000E-0001, 3.12932E-0005
 9.900E-0002, 3.12108E-0005
 9.800E-0002, 3.10948E-0005
 9.700E-0002, 3.09788E-0005
 9.600E-0002, 3.09025E-0005
 9.500E-0002, 3.08140E-0005
 9.400E-0002, 3.07408E-0005
 9.300E-0002, 3.06279E-0005
 9.200E-0002, 3.05241E-0005
 9.100E-0002, 3.04448E-0005
 9.000E-0002, 3.03746E-0005
 8.900E-0002, 3.02922E-0005
 8.800E-0002, 3.01945E-0005
 8.700E-0002, 3.00846E-0005
 8.600E-0002, 3.00175E-0005
 8.500E-0002, 2.99443E-0005
 8.400E-0002, 2.98710E-0005
 8.300E-0002, 2.97672E-0005
 8.200E-0002, 2.96635E-0005
 8.100E-0002, 2.96025E-0005
 8.000E-0002, 2.95353E-0005
 7.900E-0002, 2.94651E-0005
 7.800E-0002, 2.93705E-0005
 7.700E-0002, 2.92790E-0005
 7.600E-0002, 2.92118E-0005
 7.500E-0002, 2.91508E-0005
 7.400E-0002, 2.90836E-0005
 7.300E-0002, 2.89860E-0005
 7.200E-0002, 2.88944E-0005
 7.100E-0002, 2.88303E-0005
 7.000E-0002, 2.87846E-0005
 6.900E-0002, 2.87113E-0005
 6.800E-0002, 2.86228E-0005
 6.700E-0002, 2.85404E-0005
 6.600E-0002, 2.84885E-0005
 6.500E-0002, 2.84336E-0005
 6.400E-0002, 2.83726E-0005
 6.300E-0002, 2.82841E-0005
 6.200E-0002, 2.82017E-0005
 6.100E-0002, 2.81498E-0005
 6.000E-0002, 2.81040E-0005
 5.900E-0002, 2.80521E-0005
 5.800E-0002, 2.79636E-0005
 5.700E-0002, 2.78812E-0005
 5.600E-0002, 2.78355E-0005
 5.500E-0002, 2.77866E-0005
 5.400E-0002, 2.77317E-0005
 5.300E-0002, 2.76523E-0005
 5.200E-0002, 2.75791E-0005
 5.100E-0002, 2.75333E-0005
 5.000E-0002, 2.74876E-0005
 4.900E-0002, 2.74235E-0005
 4.800E-0002, 2.73533E-0005
 4.700E-0002, 2.72831E-0005
 4.600E-0002, 2.72343E-0005
 4.500E-0002, 2.71885E-0005
 4.400E-0002, 2.71427E-0005
 4.300E-0002, 2.70725E-0005
 4.200E-0002, 2.70023E-0005
 4.100E-0002, 2.69657E-0005
 4.000E-0002, 2.69230E-0005
 3.900E-0002, 2.68741E-0005
 3.800E-0002, 2.67978E-0005
 3.700E-0002, 2.67368E-0005
 3.600E-0002, 2.67002E-0005
 3.500E-0002, 2.66605E-0005
 3.400E-0002, 2.66117E-0005
 3.300E-0002, 2.65476E-0005
 3.200E-0002, 2.64805E-0005
 3.100E-0002, 2.64469E-0005
 3.000E-0002, 2.64164E-0005
 2.900E-0002, 2.63706E-0005
 2.800E-0002, 2.63035E-0005
 2.700E-0002, 2.62455E-0005
 2.600E-0002, 2.62088E-0005
 2.500E-0002, 2.61722E-0005
 2.400E-0002, 2.61295E-0005
 2.300E-0002, 2.60746E-0005
 2.200E-0002, 2.60074E-0005
 2.100E-0002, 2.59708E-0005
 2.000E-0002, 2.59464E-0005
 1.900E-0002, 2.59098E-0005
 1.800E-0002, 2.58487E-0005
 1.700E-0002, 2.57999E-0005
 1.600E-0002, 2.57694E-0005
 1.500E-0002, 2.57389E-0005
 1.400E-0002, 2.56992E-0005
 1.300E-0002, 2.56412E-0005
 1.200E-0002, 2.55893E-0005
 1.100E-0002, 2.55619E-0005
 1.000E-0002, 2.55313E-0005
 9.000E-0003, 2.55008E-0005
 8.000E-0003, 2.54428E-0005
 7.000E-0003, 2.53910E-0005
 6.000E-0003, 2.53635E-0005
 5.000E-0003, 2.53421E-0005
 4.000E-0003, 2.53055E-0005
 3.000E-0003, 2.52506E-0005
 2.000E-0003, 2.52018E-0005
 1.000E-0003, 2.51834E-0005
 0.000E+0000, 2.51560E-0005
-1.000E-0003, 2.51163E-0005
-2.000E-0003, 2.50736E-0005
-3.000E-0003, 2.50186E-0005
-4.000E-0003, 2.49973E-0005
-5.000E-0003, 2.49881E-0005
-6.000E-0003, 2.49546E-0005
-7.000E-0003, 2.49088E-0005
-8.000E-0003, 2.48538E-0005
-9.000E-0003, 2.48325E-0005
-1.000E-0002, 2.48111E-0005
-1.100E-0002, 2.47898E-0005
-1.200E-0002, 2.47440E-0005
-1.300E-0002, 2.46952E-0005
-1.400E-0002, 2.46799E-0005
-1.500E-0002, 2.46585E-0005
-1.600E-0002, 2.46372E-0005
-1.700E-0002, 2.45944E-0005
-1.800E-0002, 2.45487E-0005
-1.900E-0002, 2.45365E-0005
-2.000E-0002, 2.45151E-0005
-2.100E-0002, 2.44937E-0005
-2.200E-0002, 2.44449E-0005
-2.300E-0002, 2.44052E-0005
-2.400E-0002, 2.43900E-0005
-2.500E-0002, 2.43778E-0005
-2.600E-0002, 2.43533E-0005
-2.700E-0002, 2.43076E-0005
-2.800E-0002, 2.42740E-0005
-2.900E-0002, 2.42648E-0005
-3.000E-0002, 2.42496E-0005
-3.100E-0002, 2.42313E-0005
-3.200E-0002, 2.41855E-0005
-3.300E-0002, 2.41519E-0005
-3.400E-0002, 2.41397E-0005
-3.500E-0002, 2.41275E-0005
-3.600E-0002, 2.41153E-0005
-3.700E-0002, 2.40665E-0005
-3.800E-0002, 2.40329E-0005
-3.900E-0002, 2.40299E-0005
-4.000E-0002, 2.40146E-0005
-4.100E-0002, 2.39993E-0005
-4.200E-0002, 2.39566E-0005
-4.300E-0002, 2.39291E-0005
-4.400E-0002, 2.39230E-0005
-4.500E-0002, 2.39078E-0005
-4.600E-0002, 2.38925E-0005
-4.700E-0002, 2.38590E-0005
-4.800E-0002, 2.38223E-0005
-4.900E-0002, 2.38193E-0005
-5.000E-0002, 2.38101E-0005
-5.100E-0002, 2.37949E-0005
-5.200E-0002, 2.37644E-0005
-5.300E-0002, 2.37308E-0005
-5.400E-0002, 2.37247E-0005
-5.500E-0002, 2.37216E-0005
-5.600E-0002, 2.37064E-0005
-5.700E-0002, 2.36728E-0005
-5.800E-0002, 2.36453E-0005
-5.900E-0002, 2.36423E-0005
-6.000E-0002, 2.36392E-0005
-6.100E-0002, 2.36209E-0005
-6.200E-0002, 2.35904E-0005
-6.300E-0002, 2.35629E-0005
-6.400E-0002, 2.35568E-0005
-6.500E-0002, 2.35599E-0005
-6.600E-0002, 2.35446E-0005
-6.700E-0002, 2.35141E-0005
-6.800E-0002, 2.34897E-0005
-6.900E-0002, 2.34897E-0005
-7.000E-0002, 2.34866E-0005
-7.100E-0002, 2.34775E-0005
-7.200E-0002, 2.34470E-0005
-7.300E-0002, 2.34195E-0005
-7.400E-0002, 2.34256E-0005
-7.500E-0002, 2.34195E-0005
-7.600E-0002, 2.34073E-0005
-7.700E-0002, 2.33859E-0005
-7.800E-0002, 2.33585E-0005
-7.900E-0002, 2.33615E-0005
-8.000E-0002, 2.33615E-0005
-8.100E-0002, 2.33493E-0005
-8.200E-0002, 2.33249E-0005
-8.300E-0002, 2.32974E-0005
-8.400E-0002, 2.32974E-0005
-8.500E-0002, 2.33066E-0005
-8.600E-0002, 2.32974E-0005
-8.700E-0002, 2.32669E-0005
-8.800E-0002, 2.32425E-0005
-8.900E-0002, 2.32486E-0005
-9.000E-0002, 2.32455E-0005
-9.100E-0002, 2.32364E-0005
-9.200E-0002, 2.32181E-0005
-9.300E-0002, 2.32028E-0005
-9.400E-0002, 2.32059E-0005
-9.500E-0002, 2.32028E-0005
-9.600E-0002, 2.31967E-0005
-9.700E-0002, 2.31754E-0005
-9.800E-0002, 2.31509E-0005
-9.900E-0002, 2.31540E-0005
-1.000E-0001, 2.31570E-0005
-1.010E-0001, 2.31509E-0005
-1.020E-0001, 2.31235E-0005
-1.030E-0001, 2.30991E-0005
-1.040E-0001, 2.31052E-0005
-1.050E-0001, 2.31113E-0005
-1.060E-0001, 2.31082E-0005
-1.070E-0001, 2.30807E-0005
-1.080E-0001, 2.30624E-0005
-1.090E-0001, 2.30746E-0005
-1.100E-0001, 2.30716E-0005
-1.110E-0001, 2.30685E-0005
-1.120E-0001, 2.30472E-0005
-1.130E-0001, 2.30228E-0005
-1.140E-0001, 2.30228E-0005
-1.150E-0001, 2.30350E-0005
-1.160E-0001, 2.30228E-0005
-1.170E-0001, 2.30106E-0005
-1.180E-0001, 2.29861E-0005
-1.190E-0001, 2.29953E-0005
-1.200E-0001, 2.30045E-0005
-1.190E-0001, 2.26138E-0005
-1.180E-0001, 2.23147E-0005
-1.170E-0001, 2.21896E-0005
-1.160E-0001, 2.21255E-0005
-1.150E-0001, 2.20706E-0005
-1.140E-0001, 2.19974E-0005
-1.130E-0001, 2.18997E-0005
-1.120E-0001, 2.18142E-0005
-1.110E-0001, 2.17593E-0005
-1.100E-0001, 2.16983E-0005
-1.090E-0001, 2.16281E-0005
-1.080E-0001, 2.15457E-0005
-1.070E-0001, 2.14572E-0005
-1.060E-0001, 2.14084E-0005
-1.050E-0001, 2.13534E-0005
-1.040E-0001, 2.12924E-0005
-1.030E-0001, 2.12100E-0005
-1.020E-0001, 2.11337E-0005
-1.010E-0001, 2.10879E-0005
-1.000E-0001, 2.10360E-0005
-9.900E-0002, 2.09811E-0005
-9.800E-0002, 2.09048E-0005
-9.700E-0002, 2.08285E-0005
-9.600E-0002, 2.07919E-0005
-9.500E-0002, 2.07431E-0005
-9.400E-0002, 2.06881E-0005
-9.300E-0002, 2.06118E-0005
-9.200E-0002, 2.05477E-0005
-9.100E-0002, 2.05142E-0005
-9.000E-0002, 2.04654E-0005
-8.900E-0002, 2.04135E-0005
-8.800E-0002, 2.03524E-0005
-8.700E-0002, 2.02822E-0005
-8.600E-0002, 2.02456E-0005
-8.500E-0002, 2.02121E-0005
-8.400E-0002, 2.01541E-0005
-8.300E-0002, 2.00869E-0005
-8.200E-0002, 2.00289E-0005
-8.100E-0002, 1.99984E-0005
-8.000E-0002, 1.99588E-0005
-7.900E-0002, 1.99099E-0005
-7.800E-0002, 1.98519E-0005
-7.700E-0002, 1.97909E-0005
-7.600E-0002, 1.97634E-0005
-7.500E-0002, 1.97207E-0005
-7.400E-0002, 1.96719E-0005
-7.300E-0002, 1.96200E-0005
-7.200E-0002, 1.95651E-0005
-7.100E-0002, 1.95376E-0005
-7.000E-0002, 1.95040E-0005
-6.900E-0002, 1.94552E-0005
-6.800E-0002, 1.93972E-0005
-6.700E-0002, 1.93423E-0005
-6.600E-0002, 1.93209E-0005
-6.500E-0002, 1.92874E-0005
-6.400E-0002, 1.92446E-0005
-6.300E-0002, 1.91927E-0005
-6.200E-0002, 1.91439E-0005
-6.100E-0002, 1.91103E-0005
-6.000E-0002, 1.90829E-0005
-5.900E-0002, 1.90432E-0005
-5.800E-0002, 1.89974E-0005
-5.700E-0002, 1.89394E-0005
-5.600E-0002, 1.89089E-0005
-5.500E-0002, 1.88815E-0005
-5.400E-0002, 1.88418E-0005
-5.300E-0002, 1.87869E-0005
-5.200E-0002, 1.87411E-0005
-5.100E-0002, 1.87197E-0005
-5.000E-0002, 1.86953E-0005
-4.900E-0002, 1.86465E-0005
-4.800E-0002, 1.85946E-0005
-4.700E-0002, 1.85580E-0005
-4.600E-0002, 1.85427E-0005
-4.500E-0002, 1.85183E-0005
-4.400E-0002, 1.84725E-0005
-4.300E-0002, 1.84206E-0005
-4.200E-0002, 1.83688E-0005
-4.100E-0002, 1.83596E-0005
-4.000E-0002, 1.83321E-0005
-3.900E-0002, 1.82925E-0005
-3.800E-0002, 1.82436E-0005
-3.700E-0002, 1.82009E-0005
-3.600E-0002, 1.81857E-0005
-3.500E-0002, 1.81673E-0005
-3.400E-0002, 1.81246E-0005
-3.300E-0002, 1.80758E-0005
-3.200E-0002, 1.80300E-0005
-3.100E-0002, 1.80148E-0005
-3.000E-0002, 1.79995E-0005
-2.900E-0002, 1.79507E-0005
-2.800E-0002, 1.79110E-0005
-2.700E-0002, 1.78652E-0005
-2.600E-0002, 1.78561E-0005
-2.500E-0002, 1.78408E-0005
-2.400E-0002, 1.77981E-0005
-2.300E-0002, 1.77492E-0005
-2.200E-0002, 1.77065E-0005
-2.100E-0002, 1.77004E-0005
-2.000E-0002, 1.76729E-0005
-1.900E-0002, 1.76455E-0005
-1.800E-0002, 1.75967E-0005
-1.700E-0002, 1.75539E-0005
-1.600E-0002, 1.75448E-0005
-1.500E-0002, 1.75295E-0005
-1.400E-0002, 1.74898E-0005
-1.300E-0002, 1.74441E-0005
-1.200E-0002, 1.74074E-0005
-1.100E-0002, 1.73952E-0005
-1.000E-0002, 1.73830E-0005
-9.000E-0003, 1.73434E-0005
-8.000E-0003, 1.73006E-0005
-7.000E-0003, 1.72671E-0005
-6.000E-0003, 1.72549E-0005
-5.000E-0003, 1.72457E-0005
-4.000E-0003, 1.72152E-0005
-3.000E-0003, 1.71816E-0005
-2.000E-0003, 1.71541E-0005
-1.000E-0003, 1.71358E-0005
 0.000E+0000, 1.71175E-0005
 1.000E-0003, 1.70687E-0005
 2.000E-0003, 1.70138E-0005
 3.000E-0003, 1.69802E-0005
 4.000E-0003, 1.69619E-0005
 5.000E-0003, 1.69527E-0005
 6.000E-0003, 1.69222E-0005
 7.000E-0003, 1.68825E-0005
 8.000E-0003, 1.68429E-0005
 9.000E-0003, 1.68368E-0005
 1.000E-0002, 1.68123E-0005
 1.100E-0002, 1.67849E-0005
 1.200E-0002, 1.67330E-0005
 1.300E-0002, 1.67086E-0005
 1.400E-0002, 1.67147E-0005
 1.500E-0002, 1.66994E-0005
 1.600E-0002, 1.66659E-0005
 1.700E-0002, 1.66170E-0005
 1.800E-0002, 1.65774E-0005
 1.900E-0002, 1.65712E-0005
 2.000E-0002, 1.65529E-0005
 2.100E-0002, 1.65285E-0005
 2.200E-0002, 1.65072E-0005
 2.300E-0002, 1.64858E-0005
 2.400E-0002, 1.64675E-0005
 2.500E-0002, 1.64400E-0005
 2.600E-0002, 1.63973E-0005
 2.700E-0002, 1.63363E-0005
 2.800E-0002, 1.63088E-0005
 2.900E-0002, 1.63149E-0005
 3.000E-0002, 1.62905E-0005
 3.100E-0002, 1.62539E-0005
 3.200E-0002, 1.62417E-0005
 3.300E-0002, 1.62264E-0005
 3.400E-0002, 1.62233E-0005
 3.500E-0002, 1.62050E-0005
 3.600E-0002, 1.61745E-0005
 3.700E-0002, 1.61348E-0005
 3.800E-0002, 1.61013E-0005
 3.900E-0002, 1.60921E-0005
 4.000E-0002, 1.60616E-0005
 4.100E-0002, 1.60219E-0005
 4.200E-0002, 1.59792E-0005
 4.300E-0002, 1.59517E-0005
 4.400E-0002, 1.59487E-0005
 4.500E-0002, 1.59395E-0005
 4.600E-0002, 1.59029E-0005
 4.700E-0002, 1.58754E-0005
 4.800E-0002, 1.58419E-0005
 4.900E-0002, 1.58297E-0005
 5.000E-0002, 1.58236E-0005
 5.100E-0002, 1.57869E-0005
 5.200E-0002, 1.57473E-0005
 5.300E-0002, 1.57106E-0005
 5.400E-0002, 1.57045E-0005
 5.500E-0002, 1.57137E-0005
 5.600E-0002, 1.56893E-0005
 5.700E-0002, 1.56466E-0005
 5.800E-0002, 1.56069E-0005
 5.900E-0002, 1.55916E-0005
 6.000E-0002, 1.55794E-0005
 6.100E-0002, 1.55489E-0005
 6.200E-0002, 1.55062E-0005
 6.300E-0002, 1.54726E-0005
 6.400E-0002, 1.54573E-0005
 6.500E-0002, 1.54543E-0005
 6.600E-0002, 1.54329E-0005
 6.700E-0002, 1.54085E-0005
 6.800E-0002, 1.53963E-0005
 6.900E-0002, 1.53627E-0005
 7.000E-0002, 1.53353E-0005
 7.100E-0002, 1.52956E-0005
 7.200E-0002, 1.52407E-0005
 7.300E-0002, 1.52193E-0005
 7.400E-0002, 1.52071E-0005
 7.500E-0002, 1.52040E-0005
 7.600E-0002, 1.51644E-0005
 7.700E-0002, 1.51216E-0005
 7.800E-0002, 1.50881E-0005
 7.900E-0002, 1.50698E-0005
 8.000E-0002, 1.50637E-0005
 8.100E-0002, 1.50270E-0005
 8.200E-0002, 1.49752E-0005
 8.300E-0002, 1.49416E-0005
 8.400E-0002, 1.49324E-0005
 8.500E-0002, 1.49416E-0005
 8.600E-0002, 1.48897E-0005
 8.700E-0002, 1.48439E-0005
 8.800E-0002, 1.48195E-0005
 8.900E-0002, 1.48073E-0005
 9.000E-0002, 1.48012E-0005
 9.100E-0002, 1.47524E-0005
 9.200E-0002, 1.47066E-0005
 9.300E-0002, 1.46761E-0005
 9.400E-0002, 1.46791E-0005
 9.500E-0002, 1.46730E-0005
 9.600E-0002, 1.46517E-0005
 9.700E-0002, 1.45998E-0005
 9.800E-0002, 1.45540E-0005
 9.900E-0002, 1.45357E-0005
 1.000E-0001, 1.45235E-0005
 1.010E-0001, 1.44747E-0005
 1.020E-0001, 1.44319E-0005
 1.030E-0001, 1.43984E-0005
 1.040E-0001, 1.43801E-0005
 1.050E-0001, 1.43709E-0005
 1.060E-0001, 1.43282E-0005
 1.070E-0001, 1.42549E-0005
 1.080E-0001, 1.42183E-0005
 1.090E-0001, 1.41939E-0005
 1.100E-0001, 1.41664E-0005
 1.110E-0001, 1.41176E-0005
 1.120E-0001, 1.40657E-0005
 1.130E-0001, 1.40169E-0005
 1.140E-0001, 1.40016E-0005
 1.150E-0001, 1.39864E-0005
 1.160E-0001, 1.39375E-0005
 1.170E-0001, 1.38796E-0005
 1.180E-0001, 1.38246E-0005
 1.190E-0001, 1.38033E-0005
 1.200E-0001, 1.37880E-0005
 1.210E-0001, 1.37361E-0005
 1.220E-0001, 1.36781E-0005
 1.230E-0001, 1.36232E-0005
 1.240E-0001, 1.36049E-0005
 1.250E-0001, 1.35744E-0005
 1.260E-0001, 1.35194E-0005
 1.270E-0001, 1.34493E-0005
 1.280E-0001, 1.34035E-0005
 1.290E-0001, 1.33699E-0005
 1.300E-0001, 1.33333E-0005
 1.310E-0001, 1.32753E-0005
 1.320E-0001, 1.32051E-0005
 1.330E-0001, 1.31502E-0005
 1.340E-0001, 1.31074E-0005
 1.350E-0001, 1.30678E-0005
 1.360E-0001, 1.29976E-0005
 1.370E-0001, 1.29152E-0005
 1.380E-0001, 1.28419E-0005
 1.390E-0001, 1.27992E-0005
 1.400E-0001, 1.27595E-0005
 1.410E-0001, 1.26832E-0005
 1.420E-0001, 1.25978E-0005
 1.430E-0001, 1.25215E-0005
 1.440E-0001, 1.24757E-0005
 1.450E-0001, 1.24269E-0005
 1.460E-0001, 1.23445E-0005
 1.470E-0001, 1.22529E-0005
 1.480E-0001, 1.21553E-0005
 1.490E-0001, 1.20943E-0005
 1.500E-0001, 1.20393E-0005
 1.510E-0001, 1.19539E-0005
 1.520E-0001, 1.18501E-0005
 1.530E-0001, 1.17494E-0005
 1.540E-0001, 1.16884E-0005
 1.550E-0001, 1.16121E-0005
 1.560E-0001, 1.15236E-0005
 1.570E-0001, 1.14106E-0005
 1.580E-0001, 1.12886E-0005
 1.590E-0001, 1.12123E-0005
 1.600E-0001, 1.11390E-0005
 1.610E-0001, 1.10292E-0005
 1.620E-0001, 1.09132E-0005
 1.630E-0001, 1.07911E-0005
 1.640E-0001, 1.06996E-0005
 1.650E-0001, 1.06141E-0005
 1.660E-0001, 1.04829E-0005
 1.670E-0001, 1.03303E-0005
 1.680E-0001, 1.01808E-0005
 1.690E-0001, 1.00709E-0005
 1.700E-0001, 9.96414E-0006
 1.710E-0001, 9.82375E-0006
 1.720E-0001, 9.64980E-0006
 1.730E-0001, 9.49721E-0006
 1.740E-0001, 9.37514E-0006
 1.750E-0001, 9.26832E-0006
 1.760E-0001, 9.12184E-0006
 1.770E-0001, 8.94789E-0006
 1.780E-0001, 8.76783E-0006
 1.790E-0001, 8.63050E-0006
 1.800E-0001, 8.49317E-0006
 1.810E-0001, 8.30090E-0006
 1.820E-0001, 8.09948E-0006
 1.830E-0001, 7.89806E-0006
 1.840E-0001, 7.72411E-0006
 1.850E-0001, 7.55931E-0006
 1.860E-0001, 7.33653E-0006
 1.870E-0001, 7.07103E-0006
 1.880E-0001, 6.83604E-0006
 1.890E-0001, 6.64682E-0006
 1.900E-0001, 6.47287E-0006
 1.910E-0001, 6.26535E-0006
 1.920E-0001, 5.99679E-0006
 1.930E-0001, 5.73434E-0006
 1.940E-0001, 5.54512E-0006
 1.950E-0001, 5.36202E-0006
 1.960E-0001, 5.11177E-0006
 1.970E-0001, 4.83405E-0006
 1.980E-0001, 4.57160E-0006
 1.990E-0001, 4.35492E-0006
 2.000E-0001, 4.13824E-0006
 2.010E-0001, 3.85748E-0006
 2.020E-0001, 3.54924E-0006
 2.030E-0001, 3.24406E-0006
 2.040E-0001, 2.99992E-0006
 2.050E-0001, 2.74967E-0006
 2.060E-0001, 2.41092E-0006
 2.070E-0001, 2.01724E-0006
 2.080E-0001, 1.64797E-0006
 2.090E-0001, 1.34889E-0006
 2.100E-0001, 1.07728E-0006
 2.110E-0001, 7.56847E-0007
 2.120E-0001, 4.15045E-0007
 2.130E-0001, 4.27252E-0008
 2.140E-0001,-2.92973E-0007
 2.150E-0001,-6.25619E-0007
 2.160E-0001,-9.97940E-0007
 2.170E-0001,-1.44045E-0006
 2.180E-0001,-1.89822E-0006
 2.190E-0001,-2.24612E-0006
 2.200E-0001,-2.53604E-0006
 2.210E-0001,-2.89921E-0006
 2.220E-0001,-3.31425E-0006
 2.230E-0001,-3.76592E-0006
 2.240E-0001,-4.15655E-0006
 2.250E-0001,-4.49225E-0006
 2.260E-0001,-4.84931E-0006
 2.270E-0001,-5.27962E-0006
 2.280E-0001,-5.72823E-0006
 2.290E-0001,-6.11581E-0006
 2.300E-0001,-6.46066E-0006
 2.310E-0001,-6.85740E-0006
 2.320E-0001,-7.30907E-0006
 2.330E-0001,-7.77294E-0006
 2.340E-0001,-8.19104E-0006
 2.350E-0001,-8.59998E-0006
 2.360E-0001,-9.03334E-0006
 2.370E-0001,-9.54604E-0006
 2.380E-0001,-1.00709E-0005
 2.390E-0001,-1.04524E-0005
 2.400E-0001,-1.08216E-0005
 2.410E-0001,-1.12397E-0005
 2.420E-0001,-1.17402E-0005
 2.430E-0001,-1.22865E-0005
 2.440E-0001,-1.27351E-0005
 2.450E-0001,-1.31685E-0005
 2.460E-0001,-1.36507E-0005
 2.470E-0001,-1.41725E-0005
 2.480E-0001,-1.47005E-0005
 2.490E-0001,-1.51430E-0005
 2.500E-0001,-1.55550E-0005
 2.510E-0001,-1.60006E-0005
 2.520E-0001,-1.64797E-0005
 2.530E-0001,-1.70107E-0005
 2.540E-0001,-1.74746E-0005
 2.550E-0001,-1.79171E-0005
 2.560E-0001,-1.84328E-0005
 2.570E-0001,-1.88479E-0005
 2.580E-0001,-1.92355E-0005
 2.590E-0001,-1.95895E-0005
 2.600E-0001,-1.99496E-0005
 2.610E-0001,-2.03891E-0005
 2.620E-0001,-2.08224E-0005
 2.630E-0001,-2.12649E-0005
 2.640E-0001,-2.15793E-0005
 2.650E-0001,-2.18600E-0005
 2.660E-0001,-2.22934E-0005
 2.670E-0001,-2.27420E-0005
 2.680E-0001,-2.32791E-0005
 2.690E-0001,-2.36789E-0005
 2.700E-0001,-2.39871E-0005
 2.710E-0001,-2.43503E-0005
 2.720E-0001,-2.47653E-0005
 2.730E-0001,-2.51712E-0005
 2.740E-0001,-2.55039E-0005
 2.750E-0001,-2.57785E-0005
 2.760E-0001,-2.60898E-0005
 2.770E-0001,-2.64499E-0005
 2.780E-0001,-2.68528E-0005
 2.790E-0001,-2.71030E-0005
 2.800E-0001,-2.72129E-0005
 2.810E-0001,-2.74326E-0005
 2.820E-0001,-2.77164E-0005
 2.830E-0001,-2.80552E-0005
 2.840E-0001,-2.84306E-0005
 2.850E-0001,-2.87602E-0005
 2.860E-0001,-2.90043E-0005
 2.870E-0001,-2.94346E-0005
 2.880E-0001,-2.97917E-0005
 2.890E-0001,-2.98130E-0005
 2.900E-0001,-2.99839E-0005
 2.910E-0001,-3.00114E-0005
 2.920E-0001,-2.99320E-0005
 2.930E-0001,-3.00877E-0005
 2.940E-0001,-3.02922E-0005
 2.950E-0001,-3.04478E-0005
 2.960E-0001,-3.06492E-0005
 2.970E-0001,-3.08079E-0005
 2.980E-0001,-3.09086E-0005
 2.990E-0001,-3.09483E-0005
 3.000E-0001,-3.09788E-0005
 3.010E-0001,-3.10612E-0005
 3.020E-0001,-3.11467E-0005
 3.030E-0001,-3.12230E-0005
 3.040E-0001,-3.12382E-0005
 3.050E-0001,-3.12199E-0005
 3.060E-0001,-3.12535E-0005
 3.070E-0001,-3.13084E-0005
 3.080E-0001,-3.13023E-0005
 3.090E-0001,-3.12657E-0005
 3.100E-0001,-3.12138E-0005
 3.110E-0001,-3.12504E-0005
 3.120E-0001,-3.12993E-0005
 3.130E-0001,-3.12565E-0005
 3.140E-0001,-3.10093E-0005
 3.150E-0001,-3.07499E-0005
 3.160E-0001,-3.07347E-0005
 3.170E-0001,-3.09056E-0005
 3.180E-0001,-3.10826E-0005
 3.190E-0001,-3.14763E-0005
 3.200E-0001,-3.34416E-0005
 3.210E-0001,-3.22606E-0005
 3.220E-0001,-3.13511E-0005
 3.230E-0001,-3.06981E-0005
 3.240E-0001,-3.02555E-0005
 3.250E-0001,-2.99626E-0005
 3.260E-0001,-2.97886E-0005
 3.270E-0001,-2.96269E-0005
 3.280E-0001,-2.94987E-0005
 3.290E-0001,-2.93553E-0005
 3.300E-0001,-2.92179E-0005
 3.310E-0001,-2.90684E-0005
 3.320E-0001,-2.88761E-0005
 3.330E-0001,-2.87510E-0005
 3.340E-0001,-2.87449E-0005
 3.350E-0001,-2.87296E-0005
 3.360E-0001,-2.86961E-0005
 3.370E-0001,-2.86594E-0005
 3.380E-0001,-2.86137E-0005
 3.390E-0001,-2.85587E-0005
 3.400E-0001,-2.83909E-0005
 3.410E-0001,-2.81040E-0005
 3.420E-0001,-2.77409E-0005
 3.430E-0001,-2.75211E-0005
 3.440E-0001,-2.73624E-0005
 3.450E-0001,-2.70847E-0005
 3.460E-0001,-2.68558E-0005
 3.470E-0001,-2.66788E-0005
 3.480E-0001,-2.64957E-0005
 3.490E-0001,-2.62943E-0005
 3.500E-0001,-2.61020E-0005
 3.510E-0001,-2.59586E-0005
 3.520E-0001,-2.58030E-0005
 3.530E-0001,-2.56198E-0005
 3.540E-0001,-2.53879E-0005
 3.550E-0001,-2.51621E-0005
 3.560E-0001,-2.50034E-0005
 3.570E-0001,-2.48722E-0005
 3.580E-0001,-2.47196E-0005
 3.590E-0001,-2.45304E-0005
 3.600E-0001,-2.43381E-0005
 3.610E-0001,-2.41886E-0005
 3.620E-0001,-2.40299E-0005
 3.630E-0001,-2.38651E-0005
 3.640E-0001,-2.36820E-0005
 3.650E-0001,-2.34836E-0005
 3.660E-0001,-2.33340E-0005
 3.670E-0001,-2.31906E-0005
 3.680E-0001,-2.30228E-0005
 3.690E-0001,-2.28397E-0005
 3.700E-0001,-2.26535E-0005
 3.710E-0001,-2.25070E-0005
 3.720E-0001,-2.23666E-0005
 3.730E-0001,-2.22171E-0005
 3.740E-0001,-2.20401E-0005
 3.750E-0001,-2.18539E-0005
 3.760E-0001,-2.17196E-0005
 3.770E-0001,-2.15945E-0005
 3.780E-0001,-2.14450E-0005
 3.790E-0001,-2.12771E-0005
 3.800E-0001,-2.11062E-0005
 3.810E-0001,-2.09719E-0005
 3.820E-0001,-2.08499E-0005
 3.830E-0001,-2.07034E-0005
 3.840E-0001,-2.05355E-0005
 3.850E-0001,-2.03463E-0005
 3.860E-0001,-2.02059E-0005
 3.870E-0001,-2.00869E-0005
 3.880E-0001,-1.99740E-0005
 3.890E-0001,-1.98245E-0005
 3.900E-0001,-1.96536E-0005
 3.910E-0001,-1.95773E-0005
 3.920E-0001,-1.94888E-0005
 3.930E-0001,-1.93759E-0005
 3.940E-0001,-1.92324E-0005
 3.950E-0001,-1.90707E-0005
 3.960E-0001,-1.89669E-0005
 3.970E-0001,-1.88693E-0005
 3.980E-0001,-1.87533E-0005
 3.990E-0001,-1.86160E-0005
 4.000E-0001,-1.84725E-0005
 4.010E-0001,-1.83657E-0005
 4.020E-0001,-1.82497E-0005
 4.030E-0001,-1.81246E-0005
 4.040E-0001,-1.79812E-0005
 4.050E-0001,-1.78652E-0005
 4.060E-0001,-1.78805E-0005
 4.070E-0001,-1.78011E-0005
 4.080E-0001,-1.77248E-0005
 4.090E-0001,-1.75722E-0005
 4.100E-0001,-1.73952E-0005
 4.110E-0001,-1.73495E-0005
 4.120E-0001,-1.72152E-0005
 4.130E-0001,-1.70962E-0005
 4.140E-0001,-1.69497E-0005
 4.150E-0001,-1.68001E-0005
 4.160E-0001,-1.66964E-0005
 4.170E-0001,-1.66170E-0005
 4.180E-0001,-1.65194E-0005
 4.190E-0001,-1.63515E-0005
 4.200E-0001,-1.61867E-0005
 4.210E-0001,-1.61348E-0005
 4.220E-0001,-1.60646E-0005
 4.230E-0001,-1.58937E-0005
 4.240E-0001,-1.55123E-0005
 4.250E-0001,-1.55123E-0005
 4.260E-0001,-1.58602E-0005
 4.270E-0001,-1.59304E-0005
 4.280E-0001,-1.58022E-0005
 4.290E-0001,-1.56374E-0005
 4.300E-0001,-1.54879E-0005
 4.310E-0001,-1.54055E-0005
 4.320E-0001,-1.53414E-0005
 4.330E-0001,-1.52620E-0005
 4.340E-0001,-1.51735E-0005
 4.350E-0001,-1.51033E-0005
 4.360E-0001,-1.49141E-0005
 4.370E-0001,-1.48073E-0005
 4.380E-0001,-1.47249E-0005
 4.390E-0001,-1.46089E-0005
 4.400E-0001,-1.45387E-0005
 4.410E-0001,-1.45296E-0005
 4.420E-0001,-1.44808E-0005
 4.430E-0001,-1.44106E-0005
 4.440E-0001,-1.43221E-0005
 4.450E-0001,-1.42336E-0005
 4.460E-0001,-1.41878E-0005
 4.470E-0001,-1.41298E-0005
 4.480E-0001,-1.40566E-0005
 4.490E-0001,-1.39589E-0005
 4.500E-0001,-1.38765E-0005
 4.510E-0001,-1.38551E-0005
 4.520E-0001,-1.38338E-0005
 4.530E-0001,-1.37575E-0005
 4.540E-0001,-1.37148E-0005
 4.550E-0001,-1.36598E-0005
 4.560E-0001,-1.35011E-0005
 4.570E-0001,-1.33974E-0005
 4.580E-0001,-1.33272E-0005
 4.590E-0001,-1.32600E-0005
 4.600E-0001,-1.31898E-0005
 4.610E-0001,-1.31654E-0005
 4.620E-0001,-1.31197E-0005
 4.630E-0001,-1.30617E-0005
 4.640E-0001,-1.29701E-0005
 4.650E-0001,-1.28969E-0005
 4.660E-0001,-1.28664E-0005
 4.670E-0001,-1.28114E-0005
 4.680E-0001,-1.27626E-0005
 4.690E-0001,-1.26863E-0005
 4.700E-0001,-1.26192E-0005
 4.710E-0001,-1.25856E-0005
 4.720E-0001,-1.25398E-0005
 4.730E-0001,-1.24788E-0005
 4.740E-0001,-1.24055E-0005
 4.750E-0001,-1.23231E-0005
 4.760E-0001,-1.23018E-0005
 4.770E-0001,-1.22682E-0005
 4.780E-0001,-1.22163E-0005
 4.790E-0001,-1.21248E-0005
 4.800E-0001,-1.20576E-0005
 4.810E-0001,-1.20454E-0005
 4.820E-0001,-1.20241E-0005
 4.830E-0001,-1.19630E-0005
 4.840E-0001,-1.18867E-0005
 4.850E-0001,-1.18043E-0005
 4.860E-0001,-1.17738E-0005
 4.870E-0001,-1.17524E-0005
 4.880E-0001,-1.17006E-0005
 4.890E-0001,-1.16243E-0005
 4.900E-0001,-1.15632E-0005
 4.910E-0001,-1.15602E-0005
 4.920E-0001,-1.15449E-0005
 4.930E-0001,-1.14930E-0005
 4.940E-0001,-1.14229E-0005
 4.950E-0001,-1.13557E-0005
 4.960E-0001,-1.13344E-0005
 4.970E-0001,-1.13069E-0005
 4.980E-0001,-1.12397E-0005
 4.990E-0001,-1.11665E-0005
 5.000E-0001,-1.11116E-0005
 5.010E-0001,-1.10872E-0005
 5.020E-0001,-1.10505E-0005
 5.030E-0001,-1.10048E-0005
 5.040E-0001,-1.09285E-0005
 5.050E-0001,-1.08674E-0005
 5.060E-0001,-1.08613E-0005
 5.070E-0001,-1.08339E-0005
 5.080E-0001,-1.07942E-0005
 5.090E-0001,-1.07331E-0005
 5.100E-0001,-1.06782E-0005
 5.110E-0001,-1.06630E-0005
 5.120E-0001,-1.06385E-0005
 5.130E-0001,-1.06019E-0005
 5.140E-0001,-1.05531E-0005
 5.150E-0001,-1.04951E-0005
 5.160E-0001,-1.04798E-0005
 5.170E-0001,-1.04707E-0005
 5.180E-0001,-1.04341E-0005
 5.190E-0001,-1.03730E-0005
 5.200E-0001,-1.03120E-0005
 5.210E-0001,-1.03181E-0005
 5.220E-0001,-1.03181E-0005
 5.230E-0001,-1.02754E-0005
 5.240E-0001,-1.02052E-0005
 5.250E-0001,-1.01350E-0005
 5.260E-0001,-1.01045E-0005
 5.270E-0001,-1.00648E-0005
 5.280E-0001,-1.00038E-0005
 5.290E-0001,-9.95193E-0006
 5.300E-0001,-9.92751E-0006
 5.310E-0001,-9.96719E-0006
 5.320E-0001,-9.98855E-0006
 5.330E-0001,-9.95193E-0006
 5.340E-0001,-9.88479E-0006
 5.350E-0001,-9.80239E-0006
 5.360E-0001,-9.81155E-0006
 5.370E-0001,-9.73830E-0006
 5.380E-0001,-9.63759E-0006
 5.390E-0001,-9.55519E-0006
 5.400E-0001,-9.45754E-0006
 5.410E-0001,-9.50026E-0006
 5.420E-0001,-9.57045E-0006
 5.430E-0001,-9.58266E-0006
 5.440E-0001,-9.55519E-0006
 5.450E-0001,-9.49111E-0006
 5.460E-0001,-9.46669E-0006
 5.470E-0001,-9.49111E-0006
 5.480E-0001,-9.44533E-0006
 5.490E-0001,-9.38429E-0006
 5.500E-0001,-9.32936E-0006
 5.510E-0001,-9.33241E-0006
 5.520E-0001,-9.32936E-0006
 5.530E-0001,-9.29579E-0006
 5.540E-0001,-9.25001E-0006
 5.550E-0001,-9.20424E-0006
 5.560E-0001,-9.20119E-0006
 5.570E-0001,-9.15236E-0006
 5.580E-0001,-9.05775E-0006
 5.590E-0001,-8.99366E-0006
 5.600E-0001,-8.95094E-0006
 5.610E-0001,-8.97230E-0006
 5.620E-0001,-8.98451E-0006
 5.630E-0001,-8.98146E-0006
 5.640E-0001,-8.95094E-0006
 5.650E-0001,-8.90821E-0006
 5.660E-0001,-8.92652E-0006
 5.670E-0001,-8.89906E-0006
 5.680E-0001,-8.85633E-0006
 5.690E-0001,-8.81971E-0006
 5.700E-0001,-8.75562E-0006
 5.710E-0001,-8.73731E-0006
 5.720E-0001,-8.70679E-0006
 5.730E-0001,-8.64576E-0006
 5.740E-0001,-8.60303E-0006
 5.750E-0001,-8.57557E-0006
 5.760E-0001,-8.60914E-0006
 5.770E-0001,-8.62134E-0006
 5.780E-0001,-8.56336E-0006
 5.790E-0001,-8.51453E-0006
 5.800E-0001,-8.49317E-0006
 5.810E-0001,-8.51148E-0006
 5.820E-0001,-8.50843E-0006
 5.830E-0001,-8.43823E-0006
 5.840E-0001,-8.43823E-0006
 5.850E-0001,-8.41687E-0006
 5.860E-0001,-8.43823E-0006
 5.870E-0001,-8.43823E-0006
 5.880E-0001,-8.38635E-0006
 5.890E-0001,-8.32227E-0006
 5.900E-0001,-8.28259E-0006
 5.910E-0001,-8.30701E-0006
 5.920E-0001,-8.27038E-0006
 5.930E-0001,-8.22766E-0006
 5.940E-0001,-8.18188E-0006
 5.950E-0001,-8.14526E-0006
 5.960E-0001,-8.18493E-0006
 5.970E-0001,-8.21545E-0006
 5.980E-0001,-8.16357E-0006
 5.990E-0001,-8.09948E-0006
 6.000E-0001,-8.03540E-0006
 6.010E-0001,-8.05371E-0006
 6.020E-0001,-8.03845E-0006
 6.030E-0001,-8.00488E-0006
 6.040E-0001,-7.94689E-0006
 6.050E-0001,-7.89501E-0006
 6.060E-0001,-7.93163E-0006
 6.070E-0001,-7.95910E-0006
 6.080E-0001,-7.93774E-0006
 6.090E-0001,-7.87975E-0006
 6.100E-0001,-7.82482E-0006
 6.110E-0001,-7.83703E-0006
 6.120E-0001,-7.84313E-0006
 6.130E-0001,-7.84313E-0006
 6.140E-0001,-7.80956E-0006
 6.150E-0001,-7.75463E-0006
 6.160E-0001,-7.77904E-0006
 6.170E-0001,-7.79430E-0006
 6.180E-0001,-7.76379E-0006
 6.190E-0001,-7.70885E-0006
 6.200E-0001,-7.65697E-0006
 6.210E-0001,-7.66613E-0006
 6.220E-0001,-7.69359E-0006
 6.230E-0001,-7.66002E-0006
 6.240E-0001,-7.59899E-0006
 6.250E-0001,-7.55626E-0006
 6.260E-0001,-7.58373E-0006
 6.270E-0001,-7.60509E-0006
 6.280E-0001,-7.58068E-0006
 6.290E-0001,-7.52269E-0006
 6.300E-0001,-7.47386E-0006
 6.310E-0001,-7.50743E-0006
 6.320E-0001,-7.51964E-0006
 6.330E-0001,-7.49523E-0006
 6.340E-0001,-7.41893E-0006
 6.350E-0001,-7.38231E-0006
 6.360E-0001,-7.40978E-0006
 6.370E-0001,-7.44029E-0006
 6.380E-0001,-7.42198E-0006
 6.390E-0001,-7.36095E-0006
 6.400E-0001,-7.30907E-0006
 6.410E-0001,-7.33043E-0006
 6.420E-0001,-7.36095E-0006
 6.430E-0001,-7.33653E-0006
 6.440E-0001,-7.27550E-0006
 6.450E-0001,-7.22056E-0006
 6.460E-0001,-7.25108E-0006
 6.470E-0001,-7.26329E-0006
 6.480E-0001,-7.22667E-0006
 6.490E-0001,-7.21446E-0006
 6.500E-0001,-7.18699E-0006
 6.510E-0001,-7.20836E-0006
 6.520E-0001,-7.22667E-0006
 6.530E-0001,-7.20225E-0006
 6.540E-0001,-7.15342E-0006
 6.550E-0001,-7.10154E-0006
 6.560E-0001,-7.12901E-0006
 6.570E-0001,-7.15342E-0006
 6.580E-0001,-7.13511E-0006
 6.590E-0001,-7.07713E-0006
 6.600E-0001,-7.02830E-0006
 6.610E-0001,-7.05271E-0006
 6.620E-0001,-7.08628E-0006
 6.630E-0001,-7.06797E-0006
 6.640E-0001,-7.00694E-0006
 6.650E-0001,-6.97032E-0006
 6.660E-0001,-7.00999E-0006
 6.670E-0001,-7.01609E-0006
 6.680E-0001,-7.00083E-0006
 6.690E-0001,-6.93980E-0006
 6.700E-0001,-6.90318E-0006
 6.710E-0001,-6.94285E-0006
 6.720E-0001,-6.95811E-0006
 6.730E-0001,-6.94895E-0006
 6.740E-0001,-6.89097E-0006
 6.750E-0001,-6.84519E-0006
 6.760E-0001,-6.86961E-0006
 6.770E-0001,-6.89707E-0006
 6.780E-0001,-6.89402E-0006
 6.790E-0001,-6.82383E-0006
 6.800E-0001,-6.78416E-0006
 6.810E-0001,-6.81162E-0006
 6.820E-0001,-6.84824E-0006
 6.830E-0001,-6.83909E-0006
 6.840E-0001,-6.78721E-0006
 6.850E-0001,-6.74448E-0006
 6.860E-0001,-6.77195E-0006
 6.870E-0001,-6.79942E-0006
 6.880E-0001,-6.79026E-0006
 6.890E-0001,-6.73838E-0006
 6.900E-0001,-6.68345E-0006
 6.910E-0001,-6.71396E-0006
 6.920E-0001,-6.73838E-0006
 6.930E-0001,-6.73533E-0006
 6.940E-0001,-6.69565E-0006
 6.950E-0001,-6.64072E-0006
 6.960E-0001,-6.67429E-0006
 6.970E-0001,-6.70786E-0006
 6.980E-0001,-6.69871E-0006
 6.990E-0001,-6.64682E-0006
 7.000E-0001,-6.59494E-0006
 7.010E-0001,-6.62546E-0006
 7.020E-0001,-6.66208E-0006
 7.030E-0001,-6.65293E-0006
 7.040E-0001,-6.59800E-0006
 7.050E-0001,-6.55832E-0006
 7.060E-0001,-6.59189E-0006
 7.070E-0001,-6.61936E-0006
 7.080E-0001,-6.61631E-0006
 7.090E-0001,-6.56748E-0006
 7.100E-0001,-6.51560E-0006
 7.110E-0001,-6.55222E-0006
 7.120E-0001,-6.57663E-0006
 7.130E-0001,-6.58274E-0006
 7.140E-0001,-6.52475E-0006
 7.150E-0001,-6.48203E-0006
 7.160E-0001,-6.51865E-0006
 7.170E-0001,-6.54001E-0006
 7.180E-0001,-6.54612E-0006
 7.190E-0001,-6.49118E-0006
 7.200E-0001,-6.44846E-0006
 7.210E-0001,-6.48508E-0006
 7.220E-0001,-6.51255E-0006
 7.230E-0001,-6.51865E-0006
 7.240E-0001,-6.46066E-0006
 7.250E-0001,-6.42099E-0006
 7.260E-0001,-6.45151E-0006
 7.270E-0001,-6.48813E-0006
 7.280E-0001,-6.49118E-0006
 7.290E-0001,-6.43320E-0006
 7.300E-0001,-6.38742E-0006
 7.310E-0001,-6.42710E-0006
 7.320E-0001,-6.46066E-0006
 7.330E-0001,-6.46372E-0006
 7.340E-0001,-6.41489E-0006
 7.350E-0001,-6.36606E-0006
 7.360E-0001,-6.40573E-0006
 7.370E-0001,-6.43625E-0006
 7.380E-0001,-6.43320E-0006
 7.390E-0001,-6.38742E-0006
 7.400E-0001,-6.34775E-0006
 7.410E-0001,-6.37827E-0006
 7.420E-0001,-6.42099E-0006
 7.430E-0001,-6.41794E-0006
 7.440E-0001,-6.37216E-0006
 7.450E-0001,-6.32333E-0006
 7.460E-0001,-6.36301E-0006
 7.470E-0001,-6.39658E-0006
 7.480E-0001,-6.40878E-0006
 7.490E-0001,-6.34775E-0006
 7.500E-0001,-6.30807E-0006
 7.510E-0001,-6.34775E-0006
 7.520E-0001,-6.38742E-0006
 7.530E-0001,-6.38132E-0006
 7.540E-0001,-6.33249E-0006
 7.550E-0001,-6.28976E-0006
 7.560E-0001,-6.32333E-0006
 7.570E-0001,-6.35690E-0006
 7.580E-0001,-6.37216E-0006
 7.590E-0001,-6.32333E-0006
 7.600E-0001,-6.27450E-0006
 7.610E-0001,-6.31418E-0006
 7.620E-0001,-6.34775E-0006
 7.630E-0001,-6.35690E-0006
 7.640E-0001,-6.31113E-0006
 7.650E-0001,-6.26840E-0006
 7.660E-0001,-6.29587E-0006
 7.670E-0001,-6.33554E-0006
 7.680E-0001,-6.35080E-0006
 7.690E-0001,-6.30197E-0006
 7.700E-0001,-6.25619E-0006
 7.710E-0001,-6.29892E-0006
 7.720E-0001,-6.33554E-0006
 7.730E-0001,-6.34164E-0006
 7.740E-0001,-6.29892E-0006
 7.750E-0001,-6.25619E-0006
 7.760E-0001,-6.28366E-0006
 7.770E-0001,-6.33249E-0006
 7.780E-0001,-6.34164E-0006
 7.790E-0001,-6.29587E-0006
 7.800E-0001,-6.25925E-0006
 7.810E-0001,-6.28061E-0006
 7.820E-0001,-6.33249E-0006
 7.830E-0001,-6.34470E-0006
 7.840E-0001,-6.29282E-0006
 7.850E-0001,-6.26535E-0006
 7.860E-0001,-6.28976E-0006
 7.870E-0001,-6.33859E-0006
 7.880E-0001,-6.33859E-0006
 7.890E-0001,-6.28976E-0006
 7.900E-0001,-6.26230E-0006
 7.910E-0001,-6.29892E-0006
 7.920E-0001,-6.33554E-0006
 7.930E-0001,-6.35690E-0006
 7.940E-0001,-6.29587E-0006
 7.950E-0001,-6.26535E-0006
 7.960E-0001,-6.29282E-0006
 7.970E-0001,-6.34775E-0006
 7.980E-0001,-6.36301E-0006
 7.990E-0001,-6.31418E-0006
 8.000E-0001,-6.27756E-0006
