
 7.990E-0001,-1.04676E-0006
 7.980E-0001,-1.02235E-0006
 7.970E-0001,-9.91836E-0007
 7.960E-0001,-9.55214E-0007
 7.950E-0001,-9.12489E-0007
 7.940E-0001,-8.85023E-0007
 7.930E-0001,-8.51453E-0007
 7.920E-0001,-8.17883E-0007
 7.910E-0001,-7.93469E-0007
 7.900E-0001,-7.62951E-0007
 7.890E-0001,-7.35484E-0007
 7.880E-0001,-7.11070E-0007
 7.870E-0001,-6.89707E-0007
 7.860E-0001,-6.68345E-0007
 7.850E-0001,-6.43930E-0007
 7.840E-0001,-6.28671E-0007
 7.830E-0001,-6.07309E-0007
 7.820E-0001,-5.92050E-0007
 7.810E-0001,-5.76791E-0007
 7.800E-0001,-5.64583E-0007
 7.790E-0001,-5.40169E-0007
 7.780E-0001,-5.24910E-0007
 7.770E-0001,-5.15754E-0007
 7.760E-0001,-5.03547E-0007
 7.750E-0001,-4.82185E-0007
 7.740E-0001,-4.76081E-0007
 7.730E-0001,-4.60822E-0007
 7.720E-0001,-4.48615E-0007
 7.710E-0001,-4.39459E-0007
 7.700E-0001,-4.24200E-0007
 7.690E-0001,-4.18097E-0007
 7.680E-0001,-4.02838E-0007
 7.670E-0001,-3.93682E-0007
 7.660E-0001,-3.84527E-0007
 7.650E-0001,-3.72320E-0007
 7.640E-0001,-3.63164E-0007
 7.630E-0001,-3.50957E-0007
 7.620E-0001,-3.47905E-0007
 7.610E-0001,-3.35698E-0007
 7.600E-0001,-3.26543E-0007
 7.590E-0001,-3.17387E-0007
 7.580E-0001,-3.14335E-0007
 7.570E-0001,-3.02128E-0007
 7.560E-0001,-2.89921E-0007
 7.550E-0001,-2.89921E-0007
 7.540E-0001,-2.77714E-0007
 7.530E-0001,-2.77714E-0007
 7.520E-0001,-2.68558E-0007
 7.510E-0001,-2.59403E-0007
 7.500E-0001,-2.53299E-0007
 7.490E-0001,-2.44144E-0007
 7.480E-0001,-2.41092E-0007
 7.470E-0001,-2.34988E-0007
 7.460E-0001,-2.28885E-0007
 7.450E-0001,-2.19729E-0007
 7.440E-0001,-2.13626E-0007
 7.430E-0001,-2.04470E-0007
 7.420E-0001,-2.04470E-0007
 7.410E-0001,-2.01419E-0007
 7.400E-0001,-1.95315E-0007
 7.390E-0001,-1.89211E-0007
 7.380E-0001,-1.83108E-0007
 7.370E-0001,-1.77004E-0007
 7.360E-0001,-1.73952E-0007
 7.350E-0001,-1.64797E-0007
 7.340E-0001,-1.64797E-0007
 7.330E-0001,-1.58693E-0007
 7.320E-0001,-1.55642E-0007
 7.310E-0001,-1.46486E-0007
 7.300E-0001,-1.43434E-0007
 7.290E-0001,-1.40383E-0007
 7.280E-0001,-1.40383E-0007
 7.270E-0001,-1.28175E-0007
 7.260E-0001,-1.28175E-0007
 7.250E-0001,-1.28175E-0007
 7.240E-0001,-1.25123E-0007
 7.230E-0001,-1.15968E-0007
 7.220E-0001,-1.06813E-0007
 7.210E-0001,-1.06813E-0007
 7.200E-0001,-9.76577E-0008
 7.190E-0001,-1.00709E-0007
 7.180E-0001,-9.46059E-0008
 7.170E-0001,-8.85023E-0008
 7.160E-0001,-8.85023E-0008
 7.150E-0001,-8.23987E-0008
 7.140E-0001,-7.93469E-0008
 7.130E-0001,-7.32433E-0008
 7.120E-0001,-7.62951E-0008
 7.110E-0001,-7.32433E-0008
 7.100E-0001,-7.01915E-0008
 7.090E-0001,-6.40878E-0008
 7.080E-0001,-5.49324E-0008
 7.070E-0001,-6.10360E-0008
 7.060E-0001,-5.49324E-0008
 7.050E-0001,-4.88288E-0008
 7.040E-0001,-4.57770E-0008
 7.030E-0001,-3.96734E-0008
 7.020E-0001,-3.05180E-0008
 7.010E-0001,-4.27252E-0008
 7.000E-0001,-3.35698E-0008
 6.990E-0001,-2.74662E-0008
 6.980E-0001,-3.05180E-0008
 6.970E-0001,-2.44144E-0008
 6.960E-0001,-2.74662E-0008
 6.950E-0001,-1.52590E-0008
 6.940E-0001,-1.52590E-0008
 6.930E-0001,-2.13626E-0008
 6.920E-0001,-1.52590E-0008
 6.910E-0001,-9.15541E-0009
 6.900E-0001,-6.10360E-0009
 6.890E-0001,-9.15541E-0009
 6.880E-0001,-3.05180E-0009
 6.870E-0001,-3.05180E-0009
 6.860E-0001, 3.05180E-0009
 6.850E-0001, 3.05180E-0009
 6.840E-0001, 6.10360E-0009
 6.830E-0001, 6.10360E-0009
 6.820E-0001, 6.10360E-0009
 6.810E-0001, 9.15541E-0009
 6.800E-0001, 1.52590E-0008
 6.790E-0001, 1.52590E-0008
 6.780E-0001, 1.83108E-0008
 6.770E-0001, 2.13626E-0008
 6.760E-0001, 2.13626E-0008
 6.750E-0001, 2.13626E-0008
 6.740E-0001, 2.44144E-0008
 6.730E-0001, 2.44144E-0008
 6.720E-0001, 2.13626E-0008
 6.710E-0001, 3.05180E-0008
 6.700E-0001, 2.74662E-0008
 6.690E-0001, 3.05180E-0008
 6.680E-0001, 2.74662E-0008
 6.670E-0001, 3.66216E-0008
 6.660E-0001, 3.96734E-0008
 6.650E-0001, 4.27252E-0008
 6.640E-0001, 3.96734E-0008
 6.630E-0001, 3.96734E-0008
 6.620E-0001, 4.88288E-0008
 6.610E-0001, 3.96734E-0008
 6.600E-0001, 5.18806E-0008
 6.590E-0001, 4.88288E-0008
 6.580E-0001, 4.27252E-0008
 6.570E-0001, 5.49324E-0008
 6.560E-0001, 5.18806E-0008
 6.550E-0001, 4.88288E-0008
 6.540E-0001, 5.79842E-0008
 6.530E-0001, 5.79842E-0008
 6.520E-0001, 5.49324E-0008
 6.510E-0001, 6.10360E-0008
 6.500E-0001, 5.79842E-0008
 6.490E-0001, 6.40878E-0008
 6.480E-0001, 7.01915E-0008
 6.470E-0001, 6.71396E-0008
 6.460E-0001, 6.71396E-0008
 6.450E-0001, 6.40878E-0008
 6.440E-0001, 6.10360E-0008
 6.430E-0001, 7.32433E-0008
 6.420E-0001, 7.32433E-0008
 6.410E-0001, 7.62951E-0008
 6.400E-0001, 7.62951E-0008
 6.390E-0001, 7.93469E-0008
 6.380E-0001, 8.23987E-0008
 6.370E-0001, 7.32433E-0008
 6.360E-0001, 8.23987E-0008
 6.350E-0001, 8.23987E-0008
 6.340E-0001, 7.93469E-0008
 6.330E-0001, 8.54505E-0008
 6.320E-0001, 9.15541E-0008
 6.310E-0001, 9.15541E-0008
 6.300E-0001, 8.85023E-0008
 6.290E-0001, 8.85023E-0008
 6.280E-0001, 9.46059E-0008
 6.270E-0001, 9.76577E-0008
 6.260E-0001, 9.46059E-0008
 6.250E-0001, 9.76577E-0008
 6.240E-0001, 9.46059E-0008
 6.230E-0001, 9.76577E-0008
 6.220E-0001, 9.76577E-0008
 6.210E-0001, 9.46059E-0008
 6.200E-0001, 1.03761E-0007
 6.190E-0001, 1.00709E-0007
 6.180E-0001, 1.12916E-0007
 6.170E-0001, 1.03761E-0007
 6.160E-0001, 1.06813E-0007
 6.150E-0001, 1.12916E-0007
 6.140E-0001, 1.12916E-0007
 6.130E-0001, 1.15968E-0007
 6.120E-0001, 1.06813E-0007
 6.110E-0001, 1.15968E-0007
 6.100E-0001, 1.12916E-0007
 6.090E-0001, 1.15968E-0007
 6.080E-0001, 1.15968E-0007
 6.070E-0001, 1.12916E-0007
 6.060E-0001, 1.15968E-0007
 6.050E-0001, 1.19020E-0007
 6.040E-0001, 1.12916E-0007
 6.030E-0001, 1.22072E-0007
 6.020E-0001, 1.19020E-0007
 6.010E-0001, 1.25123E-0007
 6.000E-0001, 1.22072E-0007
 5.990E-0001, 1.28175E-0007
 5.980E-0001, 1.28175E-0007
 5.970E-0001, 1.28175E-0007
 5.960E-0001, 1.31227E-0007
 5.950E-0001, 1.28175E-0007
 5.940E-0001, 1.34279E-0007
 5.930E-0001, 1.34279E-0007
 5.920E-0001, 1.40383E-0007
 5.910E-0001, 1.37331E-0007
 5.900E-0001, 1.34279E-0007
 5.890E-0001, 1.40383E-0007
 5.880E-0001, 1.40383E-0007
 5.870E-0001, 1.34279E-0007
 5.860E-0001, 1.40383E-0007
 5.850E-0001, 1.34279E-0007
 5.840E-0001, 1.40383E-0007
 5.830E-0001, 1.43434E-0007
 5.820E-0001, 1.40383E-0007
 5.810E-0001, 1.43434E-0007
 5.800E-0001, 1.49538E-0007
 5.790E-0001, 1.49538E-0007
 5.780E-0001, 1.46486E-0007
 5.770E-0001, 1.43434E-0007
 5.760E-0001, 1.52590E-0007
 5.750E-0001, 1.46486E-0007
 5.740E-0001, 1.49538E-0007
 5.730E-0001, 1.55642E-0007
 5.720E-0001, 1.61745E-0007
 5.710E-0001, 1.52590E-0007
 5.700E-0001, 1.58693E-0007
 5.690E-0001, 1.55642E-0007
 5.680E-0001, 1.52590E-0007
 5.670E-0001, 1.58693E-0007
 5.660E-0001, 1.58693E-0007
 5.650E-0001, 1.61745E-0007
 5.640E-0001, 1.64797E-0007
 5.630E-0001, 1.61745E-0007
 5.620E-0001, 1.67849E-0007
 5.610E-0001, 1.64797E-0007
 5.600E-0001, 1.55642E-0007
 5.590E-0001, 1.67849E-0007
 5.580E-0001, 1.61745E-0007
 5.570E-0001, 1.64797E-0007
 5.560E-0001, 1.67849E-0007
 5.550E-0001, 1.64797E-0007
 5.540E-0001, 1.67849E-0007
 5.530E-0001, 1.77004E-0007
 5.520E-0001, 1.73952E-0007
 5.510E-0001, 1.70901E-0007
 5.500E-0001, 1.73952E-0007
 5.490E-0001, 1.77004E-0007
 5.480E-0001, 1.73952E-0007
 5.470E-0001, 1.73952E-0007
 5.460E-0001, 1.77004E-0007
 5.450E-0001, 1.77004E-0007
 5.440E-0001, 1.73952E-0007
 5.430E-0001, 1.80056E-0007
 5.420E-0001, 1.83108E-0007
 5.410E-0001, 1.77004E-0007
 5.400E-0001, 1.83108E-0007
 5.390E-0001, 1.80056E-0007
 5.380E-0001, 1.80056E-0007
 5.370E-0001, 1.80056E-0007
 5.360E-0001, 1.83108E-0007
 5.350E-0001, 1.86160E-0007
 5.340E-0001, 1.86160E-0007
 5.330E-0001, 1.89211E-0007
 5.320E-0001, 1.86160E-0007
 5.310E-0001, 1.92263E-0007
 5.300E-0001, 1.89211E-0007
 5.290E-0001, 1.92263E-0007
 5.280E-0001, 2.01419E-0007
 5.270E-0001, 1.92263E-0007
 5.260E-0001, 1.92263E-0007
 5.250E-0001, 1.98367E-0007
 5.240E-0001, 1.89211E-0007
 5.230E-0001, 1.92263E-0007
 5.220E-0001, 1.98367E-0007
 5.210E-0001, 1.95315E-0007
 5.200E-0001, 1.95315E-0007
 5.190E-0001, 1.98367E-0007
 5.180E-0001, 1.92263E-0007
 5.170E-0001, 1.98367E-0007
 5.160E-0001, 2.01419E-0007
 5.150E-0001, 2.01419E-0007
 5.140E-0001, 2.04470E-0007
 5.130E-0001, 2.04470E-0007
 5.120E-0001, 2.04470E-0007
 5.110E-0001, 2.01419E-0007
 5.100E-0001, 1.98367E-0007
 5.090E-0001, 2.01419E-0007
 5.080E-0001, 2.07522E-0007
 5.070E-0001, 2.10574E-0007
 5.060E-0001, 2.07522E-0007
 5.050E-0001, 2.07522E-0007
 5.040E-0001, 2.10574E-0007
 5.030E-0001, 2.13626E-0007
 5.020E-0001, 2.13626E-0007
 5.010E-0001, 2.07522E-0007
 5.000E-0001, 2.07522E-0007
 4.990E-0001, 2.10574E-0007
 4.980E-0001, 2.16678E-0007
 4.970E-0001, 2.13626E-0007
 4.960E-0001, 2.19729E-0007
 4.950E-0001, 2.13626E-0007
 4.940E-0001, 2.13626E-0007
 4.930E-0001, 2.16678E-0007
 4.920E-0001, 2.16678E-0007
 4.910E-0001, 2.16678E-0007
 4.900E-0001, 2.19729E-0007
 4.890E-0001, 2.19729E-0007
 4.880E-0001, 2.22781E-0007
 4.870E-0001, 2.22781E-0007
 4.860E-0001, 2.19729E-0007
 4.850E-0001, 2.19729E-0007
 4.840E-0001, 2.19729E-0007
 4.830E-0001, 2.19729E-0007
 4.820E-0001, 2.22781E-0007
 4.810E-0001, 2.22781E-0007
 4.800E-0001, 2.25833E-0007
 4.790E-0001, 2.19729E-0007
 4.780E-0001, 2.25833E-0007
 4.770E-0001, 2.28885E-0007
 4.760E-0001, 2.25833E-0007
 4.750E-0001, 2.25833E-0007
 4.740E-0001, 2.25833E-0007
 4.730E-0001, 2.22781E-0007
 4.720E-0001, 2.28885E-0007
 4.710E-0001, 2.28885E-0007
 4.700E-0001, 2.31937E-0007
 4.690E-0001, 2.31937E-0007
 4.680E-0001, 2.31937E-0007
 4.670E-0001, 2.25833E-0007
 4.660E-0001, 2.34988E-0007
 4.650E-0001, 2.31937E-0007
 4.640E-0001, 2.28885E-0007
 4.630E-0001, 2.38040E-0007
 4.620E-0001, 2.28885E-0007
 4.610E-0001, 2.31937E-0007
 4.600E-0001, 2.31937E-0007
 4.590E-0001, 2.34988E-0007
 4.580E-0001, 2.41092E-0007
 4.570E-0001, 2.38040E-0007
 4.560E-0001, 2.41092E-0007
 4.550E-0001, 2.41092E-0007
 4.540E-0001, 2.44144E-0007
 4.530E-0001, 2.41092E-0007
 4.520E-0001, 2.47196E-0007
 4.510E-0001, 2.47196E-0007
 4.500E-0001, 2.47196E-0007
 4.490E-0001, 2.47196E-0007
 4.480E-0001, 2.47196E-0007
 4.470E-0001, 2.38040E-0007
 4.460E-0001, 2.41092E-0007
 4.450E-0001, 2.44144E-0007
 4.440E-0001, 2.44144E-0007
 4.430E-0001, 2.50247E-0007
 4.420E-0001, 2.50247E-0007
 4.410E-0001, 2.53299E-0007
 4.400E-0001, 2.50247E-0007
 4.390E-0001, 2.53299E-0007
 4.380E-0001, 2.50247E-0007
 4.370E-0001, 2.56351E-0007
 4.360E-0001, 2.50247E-0007
 4.350E-0001, 2.47196E-0007
 4.340E-0001, 2.53299E-0007
 4.330E-0001, 2.56351E-0007
 4.320E-0001, 2.56351E-0007
 4.310E-0001, 2.59403E-0007
 4.300E-0001, 2.59403E-0007
 4.290E-0001, 2.65506E-0007
 4.280E-0001, 2.62455E-0007
 4.270E-0001, 2.62455E-0007
 4.260E-0001, 2.59403E-0007
 4.250E-0001, 2.62455E-0007
 4.240E-0001, 2.65506E-0007
 4.230E-0001, 2.71610E-0007
 4.220E-0001, 2.65506E-0007
 4.210E-0001, 2.71610E-0007
 4.200E-0001, 2.65506E-0007
 4.190E-0001, 2.74662E-0007
 4.180E-0001, 2.71610E-0007
 4.170E-0001, 2.77714E-0007
 4.160E-0001, 2.77714E-0007
 4.150E-0001, 2.83817E-0007
 4.140E-0001, 2.80766E-0007
 4.130E-0001, 2.83817E-0007
 4.120E-0001, 2.89921E-0007
 4.110E-0001, 2.89921E-0007
 4.100E-0001, 2.89921E-0007
 4.090E-0001, 2.92973E-0007
 4.080E-0001, 2.86869E-0007
 4.070E-0001, 2.96025E-0007
 4.060E-0001, 2.92973E-0007
 4.050E-0001, 2.96025E-0007
 4.040E-0001, 2.96025E-0007
 4.030E-0001, 3.02128E-0007
 4.020E-0001, 3.05180E-0007
 4.010E-0001, 3.05180E-0007
 4.000E-0001, 3.08232E-0007
 3.990E-0001, 3.11284E-0007
 3.980E-0001, 3.14335E-0007
 3.970E-0001, 3.20439E-0007
 3.960E-0001, 3.23491E-0007
 3.950E-0001, 3.20439E-0007
 3.940E-0001, 3.23491E-0007
 3.930E-0001, 3.26543E-0007
 3.920E-0001, 3.32646E-0007
 3.910E-0001, 3.35698E-0007
 3.900E-0001, 3.44853E-0007
 3.890E-0001, 3.41802E-0007
 3.880E-0001, 3.44853E-0007
 3.870E-0001, 3.54009E-0007
 3.860E-0001, 3.57061E-0007
 3.850E-0001, 3.66216E-0007
 3.840E-0001, 3.63164E-0007
 3.830E-0001, 3.66216E-0007
 3.820E-0001, 3.69268E-0007
 3.810E-0001, 3.81475E-0007
 3.800E-0001, 3.84527E-0007
 3.790E-0001, 3.87579E-0007
 3.780E-0001, 3.96734E-0007
 3.770E-0001, 3.99786E-0007
 3.760E-0001, 4.11993E-0007
 3.750E-0001, 4.11993E-0007
 3.740E-0001, 4.21149E-0007
 3.730E-0001, 4.18097E-0007
 3.720E-0001, 4.24200E-0007
 3.710E-0001, 4.45563E-0007
 3.700E-0001, 4.45563E-0007
 3.690E-0001, 4.48615E-0007
 3.680E-0001, 4.63874E-0007
 3.670E-0001, 4.73029E-0007
 3.660E-0001, 4.79133E-0007
 3.650E-0001, 4.91340E-0007
 3.640E-0001, 4.97444E-0007
 3.630E-0001, 5.06599E-0007
 3.620E-0001, 5.15754E-0007
 3.610E-0001, 5.21858E-0007
 3.600E-0001, 5.34065E-0007
 3.590E-0001, 5.49324E-0007
 3.580E-0001, 5.55428E-0007
 3.570E-0001, 5.67635E-0007
 3.560E-0001, 5.79842E-0007
 3.550E-0001, 5.92050E-0007
 3.540E-0001, 6.01205E-0007
 3.530E-0001, 6.16464E-0007
 3.520E-0001, 6.28671E-0007
 3.510E-0001, 6.43930E-0007
 3.500E-0001, 6.56137E-0007
 3.490E-0001, 6.71396E-0007
 3.480E-0001, 6.86655E-0007
 3.470E-0001, 7.01915E-0007
 3.460E-0001, 7.26329E-0007
 3.450E-0001, 7.41588E-0007
 3.440E-0001, 7.66002E-0007
 3.430E-0001, 7.75158E-0007
 3.420E-0001, 7.96520E-0007
 3.410E-0001, 8.05676E-0007
 3.400E-0001, 8.27038E-0007
 3.390E-0001, 8.57557E-0007
 3.380E-0001, 8.75867E-0007
 3.370E-0001, 9.00282E-0007
 3.360E-0001, 9.09437E-0007
 3.350E-0001, 9.43007E-0007
 3.340E-0001, 9.73525E-0007
 3.330E-0001, 9.91836E-0007
 3.320E-0001, 1.02845E-0006
 3.310E-0001, 1.05592E-0006
 3.300E-0001, 1.07423E-0006
 3.290E-0001, 1.10780E-0006
 3.280E-0001, 1.13832E-0006
 3.270E-0001, 1.17494E-0006
 3.260E-0001, 1.20241E-0006
 3.250E-0001, 1.22682E-0006
 3.240E-0001, 1.26955E-0006
 3.230E-0001, 1.30617E-0006
 3.220E-0001, 1.34279E-0006
 3.210E-0001, 1.38246E-0006
 3.200E-0001, 1.41603E-0006
 3.190E-0001, 1.45571E-0006
 3.180E-0001, 1.49538E-0006
 3.170E-0001, 1.53810E-0006
 3.160E-0001, 1.57778E-0006
 3.150E-0001, 1.62966E-0006
 3.140E-0001, 1.66933E-0006
 3.130E-0001, 1.71816E-0006
 3.120E-0001, 1.77004E-0006
 3.110E-0001, 1.81277E-0006
 3.100E-0001, 1.87075E-0006
 3.090E-0001, 1.91653E-0006
 3.080E-0001, 1.97146E-0006
 3.070E-0001, 2.02334E-0006
 3.060E-0001, 2.08743E-0006
 3.050E-0001, 2.14236E-0006
 3.040E-0001, 2.19729E-0006
 3.030E-0001, 2.25833E-0006
 3.020E-0001, 2.32242E-0006
 3.010E-0001, 2.38956E-0006
 3.000E-0001, 2.45059E-0006
 2.990E-0001, 2.52079E-0006
 2.980E-0001, 2.58182E-0006
 2.970E-0001, 2.65201E-0006
 2.960E-0001, 2.72831E-0006
 2.950E-0001, 2.80155E-0006
 2.940E-0001, 2.88090E-0006
 2.930E-0001, 2.95109E-0006
 2.920E-0001, 3.03044E-0006
 2.910E-0001, 3.10673E-0006
 2.900E-0001, 3.18608E-0006
 2.890E-0001, 3.26543E-0006
 2.880E-0001, 3.35088E-0006
 2.870E-0001, 3.43022E-0006
 2.860E-0001, 3.51567E-0006
 2.850E-0001, 3.59197E-0006
 2.840E-0001, 3.69878E-0006
 2.830E-0001, 3.78118E-0006
 2.820E-0001, 3.87273E-0006
 2.810E-0001, 3.96734E-0006
 2.800E-0001, 4.06195E-0006
 2.790E-0001, 4.15045E-0006
 2.780E-0001, 4.25116E-0006
 2.770E-0001, 4.34271E-0006
 2.760E-0001, 4.43732E-0006
 2.750E-0001, 4.53192E-0006
 2.740E-0001, 4.62958E-0006
 2.730E-0001, 4.72724E-0006
 2.720E-0001, 4.83710E-0006
 2.710E-0001, 4.93171E-0006
 2.700E-0001, 5.02632E-0006
 2.690E-0001, 5.13618E-0006
 2.680E-0001, 5.23689E-0006
 2.670E-0001, 5.33150E-0006
 2.660E-0001, 5.43831E-0006
 2.650E-0001, 5.54207E-0006
 2.640E-0001, 5.64278E-0006
 2.630E-0001, 5.74044E-0006
 2.620E-0001, 5.84115E-0006
 2.610E-0001, 5.94186E-0006
 2.600E-0001, 6.04562E-0006
 2.590E-0001, 6.14023E-0006
 2.580E-0001, 6.23788E-0006
 2.570E-0001, 6.33249E-0006
 2.560E-0001, 6.43930E-0006
 2.550E-0001, 6.53086E-0006
 2.540E-0001, 6.62546E-0006
 2.530E-0001, 6.73228E-0006
 2.520E-0001, 6.82078E-0006
 2.510E-0001, 6.91233E-0006
 2.500E-0001, 7.00389E-0006
 2.490E-0001, 7.09239E-0006
 2.480E-0001, 7.17784E-0006
 2.470E-0001, 7.26024E-0006
 2.460E-0001, 7.34874E-0006
 2.450E-0001, 7.42809E-0006
 2.440E-0001, 7.51354E-0006
 2.430E-0001, 7.59288E-0006
 2.420E-0001, 7.66613E-0006
 2.410E-0001, 7.74853E-0006
 2.400E-0001, 7.81872E-0006
 2.390E-0001, 7.88586E-0006
 2.380E-0001, 7.94995E-0006
 2.370E-0001, 8.02014E-0006
 2.360E-0001, 8.07202E-0006
 2.350E-0001, 8.13916E-0006
 2.340E-0001, 8.20325E-0006
 2.330E-0001, 8.25818E-0006
 2.320E-0001, 8.31311E-0006
 2.310E-0001, 8.36499E-0006
 2.300E-0001, 8.41077E-0006
 2.290E-0001, 8.45654E-0006
 2.280E-0001, 8.50537E-0006
 2.270E-0001, 8.54505E-0006
 2.260E-0001, 8.58472E-0006
 2.250E-0001, 8.62439E-0006
 2.240E-0001, 8.65491E-0006
 2.230E-0001, 8.69153E-0006
 2.220E-0001, 8.71900E-0006
 2.210E-0001, 8.74647E-0006
 2.200E-0001, 8.77088E-0006
 2.190E-0001, 8.79835E-0006
 2.180E-0001, 8.81666E-0006
 2.170E-0001, 8.83192E-0006
 2.160E-0001, 8.85328E-0006
 2.150E-0001, 8.86854E-0006
 2.140E-0001, 8.87769E-0006
 2.130E-0001, 8.88990E-0006
 2.120E-0001, 8.89906E-0006
 2.110E-0001, 8.89906E-0006
 2.100E-0001, 8.90821E-0006
 2.090E-0001, 8.91432E-0006
 2.080E-0001, 8.91126E-0006
 2.070E-0001, 8.90516E-0006
 2.060E-0001, 8.90821E-0006
 2.050E-0001, 8.90211E-0006
 2.040E-0001, 8.89600E-0006
 2.030E-0001, 8.89295E-0006
 2.020E-0001, 8.87464E-0006
 2.010E-0001, 8.87159E-0006
 2.000E-0001, 8.85633E-0006
 1.990E-0001, 8.83802E-0006
 1.980E-0001, 8.82887E-0006
 1.970E-0001, 8.81055E-0006
 1.960E-0001, 8.79835E-0006
 1.950E-0001, 8.77393E-0006
 1.940E-0001, 8.76173E-0006
 1.930E-0001, 8.74341E-0006
 1.920E-0001, 8.72510E-0006
 1.910E-0001, 8.70069E-0006
 1.900E-0001, 8.68238E-0006
 1.890E-0001, 8.65491E-0006
 1.880E-0001, 8.63355E-0006
 1.870E-0001, 8.60914E-0006
 1.860E-0001, 8.58472E-0006
 1.850E-0001, 8.55725E-0006
 1.840E-0001, 8.52979E-0006
 1.830E-0001, 8.50843E-0006
 1.820E-0001, 8.47486E-0006
 1.810E-0001, 8.45044E-0006
 1.800E-0001, 8.42603E-0006
 1.790E-0001, 8.39246E-0006
 1.780E-0001, 8.37109E-0006
 1.770E-0001, 8.33752E-0006
 1.760E-0001, 8.31006E-0006
 1.750E-0001, 8.27954E-0006
 1.740E-0001, 8.25818E-0006
 1.730E-0001, 8.22461E-0006
 1.720E-0001, 8.19104E-0006
 1.710E-0001, 8.16357E-0006
 1.700E-0001, 8.13000E-0006
 1.690E-0001, 8.10864E-0006
 1.680E-0001, 8.08117E-0006
 1.670E-0001, 8.04150E-0006
 1.660E-0001, 8.02014E-0006
 1.650E-0001, 7.98352E-0006
 1.640E-0001, 7.95605E-0006
 1.630E-0001, 7.92858E-0006
 1.620E-0001, 7.89501E-0006
 1.610E-0001, 7.87060E-0006
 1.600E-0001, 7.84008E-0006
 1.590E-0001, 7.81261E-0006
 1.580E-0001, 7.77904E-0006
 1.570E-0001, 7.75158E-0006
 1.560E-0001, 7.72411E-0006
 1.550E-0001, 7.69665E-0006
 1.540E-0001, 7.66308E-0006
 1.530E-0001, 7.64476E-0006
 1.520E-0001, 7.61425E-0006
 1.510E-0001, 7.58373E-0006
 1.500E-0001, 7.55321E-0006
 1.490E-0001, 7.52269E-0006
 1.480E-0001, 7.49523E-0006
 1.470E-0001, 7.47081E-0006
 1.460E-0001, 7.44335E-0006
 1.450E-0001, 7.41893E-0006
 1.440E-0001, 7.39452E-0006
 1.430E-0001, 7.36400E-0006
 1.420E-0001, 7.33653E-0006
 1.410E-0001, 7.30907E-0006
 1.400E-0001, 7.28770E-0006
 1.390E-0001, 7.26634E-0006
 1.380E-0001, 7.23887E-0006
 1.370E-0001, 7.21141E-0006
 1.360E-0001, 7.19005E-0006
 1.350E-0001, 7.16258E-0006
 1.340E-0001, 7.14427E-0006
 1.330E-0001, 7.11680E-0006
 1.320E-0001, 7.09849E-0006
 1.310E-0001, 7.07103E-0006
 1.300E-0001, 7.04661E-0006
 1.290E-0001, 7.02220E-0006
 1.280E-0001, 6.99778E-0006
 1.270E-0001, 6.97642E-0006
 1.260E-0001, 6.95506E-0006
 1.250E-0001, 6.93980E-0006
 1.240E-0001, 6.91538E-0006
 1.230E-0001, 6.89097E-0006
 1.220E-0001, 6.86655E-0006
 1.210E-0001, 6.84824E-0006
 1.200E-0001, 6.82078E-0006
 1.190E-0001, 6.81162E-0006
 1.180E-0001, 6.79026E-0006
 1.170E-0001, 6.77500E-0006
 1.160E-0001, 6.75059E-0006
 1.150E-0001, 6.73533E-0006
 1.140E-0001, 6.71396E-0006
 1.130E-0001, 6.69565E-0006
 1.120E-0001, 6.67429E-0006
 1.110E-0001, 6.65903E-0006
 1.100E-0001, 6.63462E-0006
 1.090E-0001, 6.62241E-0006
 1.080E-0001, 6.59494E-0006
 1.070E-0001, 6.58884E-0006
 1.060E-0001, 6.56443E-0006
 1.050E-0001, 6.55222E-0006
 1.040E-0001, 6.52780E-0006
 1.030E-0001, 6.51255E-0006
 1.020E-0001, 6.50339E-0006
 1.010E-0001, 6.48508E-0006
 1.000E-0001, 6.46677E-0006
 9.900E-0002, 6.45151E-0006
 9.800E-0002, 6.43625E-0006
 9.700E-0002, 6.42404E-0006
 9.600E-0002, 6.40878E-0006
 9.500E-0002, 6.38742E-0006
 9.400E-0002, 6.37827E-0006
 9.300E-0002, 6.35996E-0006
 9.200E-0002, 6.34164E-0006
 9.100E-0002, 6.32639E-0006
 9.000E-0002, 6.31723E-0006
 8.900E-0002, 6.30197E-0006
 8.800E-0002, 6.29282E-0006
 8.700E-0002, 6.27756E-0006
 8.600E-0002, 6.25925E-0006
 8.500E-0002, 6.24704E-0006
 8.400E-0002, 6.23483E-0006
 8.300E-0002, 6.22568E-0006
 8.200E-0002, 6.21652E-0006
 8.100E-0002, 6.20737E-0006
 8.000E-0002, 6.18905E-0006
 7.900E-0002, 6.17685E-0006
 7.800E-0002, 6.16464E-0006
 7.700E-0002, 6.15243E-0006
 7.600E-0002, 6.14023E-0006
 7.500E-0002, 6.12802E-0006
 7.400E-0002, 6.11581E-0006
 7.300E-0002, 6.10666E-0006
 7.200E-0002, 6.09445E-0006
 7.100E-0002, 6.08529E-0006
 7.000E-0002, 6.07309E-0006
 6.900E-0002, 6.06393E-0006
 6.800E-0002, 6.05172E-0006
 6.700E-0002, 6.04562E-0006
 6.600E-0002, 6.03341E-0006
 6.500E-0002, 6.01815E-0006
 6.400E-0002, 6.01205E-0006
 6.300E-0002, 6.00289E-0006
 6.200E-0002, 5.99374E-0006
 6.100E-0002, 5.98458E-0006
 6.000E-0002, 5.97238E-0006
 5.900E-0002, 5.96932E-0006
 5.800E-0002, 5.95407E-0006
 5.700E-0002, 5.94491E-0006
 5.600E-0002, 5.93575E-0006
 5.500E-0002, 5.92965E-0006
 5.400E-0002, 5.92355E-0006
 5.300E-0002, 5.91134E-0006
 5.200E-0002, 5.90524E-0006
 5.100E-0002, 5.89303E-0006
 5.000E-0002, 5.89303E-0006
 4.900E-0002, 5.88082E-0006
 4.800E-0002, 5.86861E-0006
 4.700E-0002, 5.86861E-0006
 4.600E-0002, 5.85641E-0006
 4.500E-0002, 5.84725E-0006
 4.400E-0002, 5.84115E-0006
 4.300E-0002, 5.82894E-0006
 4.200E-0002, 5.82589E-0006
 4.100E-0002, 5.82284E-0006
 4.000E-0002, 5.81063E-0006
 3.900E-0002, 5.80148E-0006
 3.800E-0002, 5.79842E-0006
 3.700E-0002, 5.79232E-0006
 3.600E-0002, 5.78316E-0006
 3.500E-0002, 5.78316E-0006
 3.400E-0002, 5.77706E-0006
 3.300E-0002, 5.77401E-0006
 3.200E-0002, 5.76791E-0006
 3.100E-0002, 5.76485E-0006
 3.000E-0002, 5.75570E-0006
 2.900E-0002, 5.75265E-0006
 2.800E-0002, 5.74349E-0006
 2.700E-0002, 5.73434E-0006
 2.600E-0002, 5.73128E-0006
 2.500E-0002, 5.72823E-0006
 2.400E-0002, 5.72213E-0006
 2.300E-0002, 5.72213E-0006
 2.200E-0002, 5.71297E-0006
 2.100E-0002, 5.70992E-0006
 2.000E-0002, 5.70382E-0006
 1.900E-0002, 5.70077E-0006
 1.800E-0002, 5.69771E-0006
 1.700E-0002, 5.69771E-0006
 1.600E-0002, 5.68856E-0006
 1.500E-0002, 5.68856E-0006
 1.400E-0002, 5.68245E-0006
 1.300E-0002, 5.67330E-0006
 1.200E-0002, 5.67940E-0006
 1.100E-0002, 5.67025E-0006
 1.000E-0002, 5.66720E-0006
 9.000E-0003, 5.66720E-0006
 8.000E-0003, 5.66414E-0006
 7.000E-0003, 5.65804E-0006
 6.000E-0003, 5.65499E-0006
 5.000E-0003, 5.66109E-0006
 4.000E-0003, 5.65194E-0006
 3.000E-0003, 5.64583E-0006
 2.000E-0003, 5.65194E-0006
 1.000E-0003, 5.64888E-0006
 0.000E+0000, 5.64888E-0006
-1.000E-0003, 5.64278E-0006
-2.000E-0003, 5.63973E-0006
-3.000E-0003, 5.63973E-0006
-4.000E-0003, 5.63973E-0006
-5.000E-0003, 5.63668E-0006
-6.000E-0003, 5.63363E-0006
-7.000E-0003, 5.63363E-0006
-8.000E-0003, 5.63668E-0006
-9.000E-0003, 5.63973E-0006
-1.000E-0002, 5.63057E-0006
-1.100E-0002, 5.62752E-0006
-1.200E-0002, 5.62447E-0006
-1.300E-0002, 5.63363E-0006
-1.400E-0002, 5.63057E-0006
-1.500E-0002, 5.63057E-0006
-1.600E-0002, 5.63057E-0006
-1.700E-0002, 5.62752E-0006
-1.800E-0002, 5.63363E-0006
-1.900E-0002, 5.63668E-0006
-2.000E-0002, 5.63057E-0006
-2.100E-0002, 5.63363E-0006
-2.200E-0002, 5.63363E-0006
-2.300E-0002, 5.63363E-0006
-2.400E-0002, 5.63668E-0006
-2.500E-0002, 5.64278E-0006
-2.600E-0002, 5.64583E-0006
-2.700E-0002, 5.63363E-0006
-2.800E-0002, 5.63973E-0006
-2.900E-0002, 5.64278E-0006
-3.000E-0002, 5.64278E-0006
-3.100E-0002, 5.64278E-0006
-3.200E-0002, 5.65194E-0006
-3.300E-0002, 5.65194E-0006
-3.400E-0002, 5.65499E-0006
-3.500E-0002, 5.65499E-0006
-3.600E-0002, 5.66109E-0006
-3.700E-0002, 5.66720E-0006
-3.800E-0002, 5.66720E-0006
-3.900E-0002, 5.67025E-0006
-4.000E-0002, 5.66720E-0006
-4.100E-0002, 5.67635E-0006
-4.200E-0002, 5.67940E-0006
-4.300E-0002, 5.67635E-0006
-4.400E-0002, 5.68856E-0006
-4.500E-0002, 5.68856E-0006
-4.600E-0002, 5.69466E-0006
-4.700E-0002, 5.69466E-0006
-4.800E-0002, 5.69771E-0006
-4.900E-0002, 5.70382E-0006
-5.000E-0002, 5.70992E-0006
-5.100E-0002, 5.71297E-0006
-5.200E-0002, 5.71908E-0006
-5.300E-0002, 5.72213E-0006
-5.400E-0002, 5.72518E-0006
-5.500E-0002, 5.73434E-0006
-5.600E-0002, 5.74044E-0006
-5.700E-0002, 5.74349E-0006
-5.800E-0002, 5.74654E-0006
-5.900E-0002, 5.75265E-0006
-6.000E-0002, 5.75570E-0006
-6.100E-0002, 5.76485E-0006
-6.200E-0002, 5.77401E-0006
-6.300E-0002, 5.77096E-0006
-6.400E-0002, 5.78316E-0006
-6.500E-0002, 5.78316E-0006
-6.600E-0002, 5.78927E-0006
-6.700E-0002, 5.79537E-0006
-6.800E-0002, 5.80453E-0006
-6.900E-0002, 5.80758E-0006
-7.000E-0002, 5.81673E-0006
-7.100E-0002, 5.82589E-0006
-7.200E-0002, 5.83199E-0006
-7.300E-0002, 5.83504E-0006
-7.400E-0002, 5.84420E-0006
-7.500E-0002, 5.85336E-0006
-7.600E-0002, 5.85641E-0006
-7.700E-0002, 5.86556E-0006
-7.800E-0002, 5.86861E-0006
-7.900E-0002, 5.87777E-0006
-8.000E-0002, 5.88082E-0006
-8.100E-0002, 5.88693E-0006
-8.200E-0002, 5.89608E-0006
-8.300E-0002, 5.90218E-0006
-8.400E-0002, 5.90829E-0006
-8.500E-0002, 5.92050E-0006
-8.600E-0002, 5.92660E-0006
-8.700E-0002, 5.93881E-0006
-8.800E-0002, 5.94491E-0006
-8.900E-0002, 5.94186E-0006
-9.000E-0002, 5.96017E-0006
-9.100E-0002, 5.96932E-0006
-9.200E-0002, 5.97238E-0006
-9.300E-0002, 5.98458E-0006
-9.400E-0002, 5.98458E-0006
-9.500E-0002, 5.99679E-0006
-9.600E-0002, 6.00289E-0006
-9.700E-0002, 6.01205E-0006
-9.800E-0002, 6.01815E-0006
-9.900E-0002, 6.02731E-0006
-1.000E-0001, 6.03646E-0006
-1.010E-0001, 6.04257E-0006
-1.020E-0001, 6.05172E-0006
-1.030E-0001, 6.06088E-0006
-1.040E-0001, 6.06393E-0006
-1.050E-0001, 6.07614E-0006
-1.060E-0001, 6.08834E-0006
-1.070E-0001, 6.09445E-0006
-1.080E-0001, 6.10360E-0006
-1.090E-0001, 6.10971E-0006
-1.100E-0001, 6.12191E-0006
-1.110E-0001, 6.12802E-0006
-1.120E-0001, 6.14023E-0006
-1.130E-0001, 6.14328E-0006
-1.140E-0001, 6.14938E-0006
-1.150E-0001, 6.15854E-0006
-1.160E-0001, 6.16464E-0006
-1.170E-0001, 6.17380E-0006
-1.180E-0001, 6.17990E-0006
-1.190E-0001, 6.18905E-0006
-1.200E-0001, 6.20126E-0006
-1.190E-0001, 6.20126E-0006
-1.180E-0001, 6.18905E-0006
-1.170E-0001, 6.17074E-0006
-1.160E-0001, 6.14328E-0006
-1.150E-0001, 6.10971E-0006
-1.140E-0001, 6.07003E-0006
-1.130E-0001, 6.03646E-0006
-1.120E-0001, 5.99069E-0006
-1.110E-0001, 5.94796E-0006
-1.100E-0001, 5.91744E-0006
-1.090E-0001, 5.87777E-0006
-1.080E-0001, 5.83810E-0006
-1.070E-0001, 5.80758E-0006
-1.060E-0001, 5.77401E-0006
-1.050E-0001, 5.73739E-0006
-1.040E-0001, 5.70382E-0006
-1.030E-0001, 5.66720E-0006
-1.020E-0001, 5.63668E-0006
-1.010E-0001, 5.60921E-0006
-1.000E-0001, 5.57564E-0006
-9.900E-0002, 5.55123E-0006
-9.800E-0002, 5.51155E-0006
-9.700E-0002, 5.49019E-0006
-9.600E-0002, 5.45967E-0006
-9.500E-0002, 5.43221E-0006
-9.400E-0002, 5.40474E-0006
-9.300E-0002, 5.38338E-0006
-9.200E-0002, 5.35286E-0006
-9.100E-0002, 5.32539E-0006
-9.000E-0002, 5.30403E-0006
-8.900E-0002, 5.27351E-0006
-8.800E-0002, 5.25520E-0006
-8.700E-0002, 5.23384E-0006
-8.600E-0002, 5.20943E-0006
-8.500E-0002, 5.18806E-0006
-8.400E-0002, 5.15754E-0006
-8.300E-0002, 5.13923E-0006
-8.200E-0002, 5.11177E-0006
-8.100E-0002, 5.08735E-0006
-8.000E-0002, 5.06904E-0006
-7.900E-0002, 5.05073E-0006
-7.800E-0002, 5.02632E-0006
-7.700E-0002, 5.01106E-0006
-7.600E-0002, 4.98664E-0006
-7.500E-0002, 4.96528E-0006
-7.400E-0002, 4.94392E-0006
-7.300E-0002, 4.92866E-0006
-7.200E-0002, 4.91035E-0006
-7.100E-0002, 4.88899E-0006
-7.000E-0002, 4.86762E-0006
-6.900E-0002, 4.84931E-0006
-6.800E-0002, 4.83100E-0006
-6.700E-0002, 4.81269E-0006
-6.600E-0002, 4.78828E-0006
-6.500E-0002, 4.76997E-0006
-6.400E-0002, 4.75165E-0006
-6.300E-0002, 4.73640E-0006
-6.200E-0002, 4.71808E-0006
-6.100E-0002, 4.70283E-0006
-6.000E-0002, 4.68451E-0006
-5.900E-0002, 4.66620E-0006
-5.800E-0002, 4.64789E-0006
-5.700E-0002, 4.63569E-0006
-5.600E-0002, 4.61432E-0006
-5.500E-0002, 4.60212E-0006
-5.400E-0002, 4.58381E-0006
-5.300E-0002, 4.56855E-0006
-5.200E-0002, 4.55329E-0006
-5.100E-0002, 4.53192E-0006
-5.000E-0002, 4.51667E-0006
-4.900E-0002, 4.50141E-0006
-4.800E-0002, 4.48310E-0006
-4.700E-0002, 4.47089E-0006
-4.600E-0002, 4.45258E-0006
-4.500E-0002, 4.44342E-0006
-4.400E-0002, 4.42511E-0006
-4.300E-0002, 4.41290E-0006
-4.200E-0002, 4.40070E-0006
-4.100E-0002, 4.38239E-0006
-4.000E-0002, 4.36408E-0006
-3.900E-0002, 4.35492E-0006
-3.800E-0002, 4.33661E-0006
-3.700E-0002, 4.32440E-0006
-3.600E-0002, 4.31525E-0006
-3.500E-0002, 4.29694E-0006
-3.400E-0002, 4.28778E-0006
-3.300E-0002, 4.27252E-0006
-3.200E-0002, 4.26031E-0006
-3.100E-0002, 4.23895E-0006
-3.000E-0002, 4.22369E-0006
-2.900E-0002, 4.21454E-0006
-2.800E-0002, 4.20843E-0006
-2.700E-0002, 4.19623E-0006
-2.600E-0002, 4.18097E-0006
-2.500E-0002, 4.16876E-0006
-2.400E-0002, 4.15350E-0006
-2.300E-0002, 4.14435E-0006
-2.200E-0002, 4.12909E-0006
-2.100E-0002, 4.12603E-0006
-2.000E-0002, 4.11383E-0006
-1.900E-0002, 4.10162E-0006
-1.800E-0002, 4.08636E-0006
-1.700E-0002, 4.07415E-0006
-1.600E-0002, 4.06500E-0006
-1.500E-0002, 4.04669E-0006
-1.400E-0002, 4.03753E-0006
-1.300E-0002, 4.02838E-0006
-1.200E-0002, 4.01922E-0006
-1.100E-0002, 4.01007E-0006
-1.000E-0002, 3.99481E-0006
-9.000E-0003, 3.97955E-0006
-8.000E-0003, 3.97039E-0006
-7.000E-0003, 3.96734E-0006
-6.000E-0003, 3.95208E-0006
-5.000E-0003, 3.93987E-0006
-4.000E-0003, 3.93682E-0006
-3.000E-0003, 3.92462E-0006
-2.000E-0003, 3.91241E-0006
-1.000E-0003, 3.90020E-0006
 0.000E+0000, 3.88799E-0006
 1.000E-0003, 3.88189E-0006
 2.000E-0003, 3.86968E-0006
 3.000E-0003, 3.86053E-0006
 4.000E-0003, 3.85137E-0006
 5.000E-0003, 3.83916E-0006
 6.000E-0003, 3.83306E-0006
 7.000E-0003, 3.82696E-0006
 8.000E-0003, 3.82085E-0006
 9.000E-0003, 3.80560E-0006
 1.000E-0002, 3.79949E-0006
 1.100E-0002, 3.79339E-0006
 1.200E-0002, 3.78423E-0006
 1.300E-0002, 3.77508E-0006
 1.400E-0002, 3.76592E-0006
 1.500E-0002, 3.75371E-0006
 1.600E-0002, 3.74761E-0006
 1.700E-0002, 3.73235E-0006
 1.800E-0002, 3.72930E-0006
 1.900E-0002, 3.72320E-0006
 2.000E-0002, 3.71099E-0006
 2.100E-0002, 3.70183E-0006
 2.200E-0002, 3.69573E-0006
 2.300E-0002, 3.68963E-0006
 2.400E-0002, 3.68047E-0006
 2.500E-0002, 3.67132E-0006
 2.600E-0002, 3.66826E-0006
 2.700E-0002, 3.64995E-0006
 2.800E-0002, 3.64385E-0006
 2.900E-0002, 3.64385E-0006
 3.000E-0002, 3.63164E-0006
 3.100E-0002, 3.62249E-0006
 3.200E-0002, 3.61333E-0006
 3.300E-0002, 3.61333E-0006
 3.400E-0002, 3.60112E-0006
 3.500E-0002, 3.59502E-0006
 3.600E-0002, 3.58587E-0006
 3.700E-0002, 3.57671E-0006
 3.800E-0002, 3.56755E-0006
 3.900E-0002, 3.56450E-0006
 4.000E-0002, 3.54619E-0006
 4.100E-0002, 3.54619E-0006
 4.200E-0002, 3.53704E-0006
 4.300E-0002, 3.53398E-0006
 4.400E-0002, 3.52483E-0006
 4.500E-0002, 3.51567E-0006
 4.600E-0002, 3.51262E-0006
 4.700E-0002, 3.50957E-0006
 4.800E-0002, 3.49736E-0006
 4.900E-0002, 3.49126E-0006
 5.000E-0002, 3.47905E-0006
 5.100E-0002, 3.47600E-0006
 5.200E-0002, 3.46684E-0006
 5.300E-0002, 3.46074E-0006
 5.400E-0002, 3.45464E-0006
 5.500E-0002, 3.44243E-0006
 5.600E-0002, 3.43633E-0006
 5.700E-0002, 3.43327E-0006
 5.800E-0002, 3.42412E-0006
 5.900E-0002, 3.42107E-0006
 6.000E-0002, 3.41191E-0006
 6.100E-0002, 3.41191E-0006
 6.200E-0002, 3.39360E-0006
 6.300E-0002, 3.39360E-0006
 6.400E-0002, 3.38445E-0006
 6.500E-0002, 3.37834E-0006
 6.600E-0002, 3.37224E-0006
 6.700E-0002, 3.36919E-0006
 6.800E-0002, 3.36308E-0006
 6.900E-0002, 3.35088E-0006
 7.000E-0002, 3.35088E-0006
 7.100E-0002, 3.33867E-0006
 7.200E-0002, 3.33257E-0006
 7.300E-0002, 3.32341E-0006
 7.400E-0002, 3.31120E-0006
 7.500E-0002, 3.31120E-0006
 7.600E-0002, 3.30205E-0006
 7.700E-0002, 3.30205E-0006
 7.800E-0002, 3.29289E-0006
 7.900E-0002, 3.28679E-0006
 8.000E-0002, 3.28374E-0006
 8.100E-0002, 3.27153E-0006
 8.200E-0002, 3.26543E-0006
 8.300E-0002, 3.25627E-0006
 8.400E-0002, 3.25627E-0006
 8.500E-0002, 3.24406E-0006
 8.600E-0002, 3.23796E-0006
 8.700E-0002, 3.22575E-0006
 8.800E-0002, 3.22880E-0006
 8.900E-0002, 3.21965E-0006
 9.000E-0002, 3.21049E-0006
 9.100E-0002, 3.21049E-0006
 9.200E-0002, 3.20134E-0006
 9.300E-0002, 3.19523E-0006
 9.400E-0002, 3.18303E-0006
 9.500E-0002, 3.17692E-0006
 9.600E-0002, 3.17082E-0006
 9.700E-0002, 3.16777E-0006
 9.800E-0002, 3.15556E-0006
 9.900E-0002, 3.15556E-0006
 1.000E-0001, 3.14946E-0006
 1.010E-0001, 3.13420E-0006
 1.020E-0001, 3.12809E-0006
 1.030E-0001, 3.12504E-0006
 1.040E-0001, 3.11894E-0006
 1.050E-0001, 3.11589E-0006
 1.060E-0001, 3.10978E-0006
 1.070E-0001, 3.10063E-0006
 1.080E-0001, 3.09147E-0006
 1.090E-0001, 3.08232E-0006
 1.100E-0001, 3.08537E-0006
 1.110E-0001, 3.06401E-0006
 1.120E-0001, 3.06095E-0006
 1.130E-0001, 3.05180E-0006
 1.140E-0001, 3.04570E-0006
 1.150E-0001, 3.03654E-0006
 1.160E-0001, 3.03044E-0006
 1.170E-0001, 3.02433E-0006
 1.180E-0001, 3.02128E-0006
 1.190E-0001, 3.00602E-0006
 1.200E-0001, 2.99992E-0006
 1.210E-0001, 2.99076E-0006
 1.220E-0001, 2.98466E-0006
 1.230E-0001, 2.97245E-0006
 1.240E-0001, 2.96940E-0006
 1.250E-0001, 2.95719E-0006
 1.260E-0001, 2.95414E-0006
 1.270E-0001, 2.94499E-0006
 1.280E-0001, 2.92973E-0006
 1.290E-0001, 2.92362E-0006
 1.300E-0001, 2.90531E-0006
 1.310E-0001, 2.90226E-0006
 1.320E-0001, 2.89616E-0006
 1.330E-0001, 2.88395E-0006
 1.340E-0001, 2.88090E-0006
 1.350E-0001, 2.86564E-0006
 1.360E-0001, 2.85648E-0006
 1.370E-0001, 2.85038E-0006
 1.380E-0001, 2.83512E-0006
 1.390E-0001, 2.82597E-0006
 1.400E-0001, 2.81071E-0006
 1.410E-0001, 2.80460E-0006
 1.420E-0001, 2.79240E-0006
 1.430E-0001, 2.77409E-0006
 1.440E-0001, 2.76493E-0006
 1.450E-0001, 2.75883E-0006
 1.460E-0001, 2.74662E-0006
 1.470E-0001, 2.73136E-0006
 1.480E-0001, 2.71915E-0006
 1.490E-0001, 2.70389E-0006
 1.500E-0001, 2.69169E-0006
 1.510E-0001, 2.67643E-0006
 1.520E-0001, 2.66422E-0006
 1.530E-0001, 2.65506E-0006
 1.540E-0001, 2.64286E-0006
 1.550E-0001, 2.62149E-0006
 1.560E-0001, 2.60929E-0006
 1.570E-0001, 2.59403E-0006
 1.580E-0001, 2.57572E-0006
 1.590E-0001, 2.56351E-0006
 1.600E-0001, 2.53910E-0006
 1.610E-0001, 2.52689E-0006
 1.620E-0001, 2.51163E-0006
 1.630E-0001, 2.49332E-0006
 1.640E-0001, 2.47501E-0006
 1.650E-0001, 2.45365E-0006
 1.660E-0001, 2.43533E-0006
 1.670E-0001, 2.40787E-0006
 1.680E-0001, 2.39566E-0006
 1.690E-0001, 2.37735E-0006
 1.700E-0001, 2.35599E-0006
 1.710E-0001, 2.32852E-0006
 1.720E-0001, 2.31326E-0006
 1.730E-0001, 2.28274E-0006
 1.740E-0001, 2.26443E-0006
 1.750E-0001, 2.23697E-0006
 1.760E-0001, 2.21560E-0006
 1.770E-0001, 2.18204E-0006
 1.780E-0001, 2.16372E-0006
 1.790E-0001, 2.12405E-0006
 1.800E-0001, 2.10879E-0006
 1.810E-0001, 2.07827E-0006
 1.820E-0001, 2.04776E-0006
 1.830E-0001, 2.02029E-0006
 1.840E-0001, 1.98672E-0006
 1.850E-0001, 1.95620E-0006
 1.860E-0001, 1.92568E-0006
 1.870E-0001, 1.89211E-0006
 1.880E-0001, 1.85549E-0006
 1.890E-0001, 1.82192E-0006
 1.900E-0001, 1.78835E-0006
 1.910E-0001, 1.74563E-0006
 1.920E-0001, 1.71511E-0006
 1.930E-0001, 1.67238E-0006
 1.940E-0001, 1.62355E-0006
 1.950E-0001, 1.58693E-0006
 1.960E-0001, 1.55031E-0006
 1.970E-0001, 1.50148E-0006
 1.980E-0001, 1.45571E-0006
 1.990E-0001, 1.41603E-0006
 2.000E-0001, 1.36720E-0006
 2.010E-0001, 1.31837E-0006
 2.020E-0001, 1.27260E-0006
 2.030E-0001, 1.21461E-0006
 2.040E-0001, 1.16884E-0006
 2.050E-0001, 1.11085E-0006
 2.060E-0001, 1.06202E-0006
 2.070E-0001, 1.01014E-0006
 2.080E-0001, 9.49111E-0007
 2.090E-0001, 8.97230E-0007
 2.100E-0001, 8.30090E-0007
 2.110E-0001, 7.75158E-0007
 2.120E-0001, 7.08018E-0007
 2.130E-0001, 6.46982E-0007
 2.140E-0001, 5.73739E-0007
 2.150E-0001, 5.12703E-0007
 2.160E-0001, 4.45563E-0007
 2.170E-0001, 3.72320E-0007
 2.180E-0001, 3.02128E-0007
 2.190E-0001, 2.34988E-0007
 2.200E-0001, 1.55642E-0007
 2.210E-0001, 8.23987E-0008
 2.220E-0001, 6.10360E-0009
 2.230E-0001,-7.32433E-0008
 2.240E-0001,-1.55642E-0007
 2.250E-0001,-2.34988E-0007
 2.260E-0001,-3.20439E-0007
 2.270E-0001,-4.02838E-0007
 2.280E-0001,-4.85236E-0007
 2.290E-0001,-5.73739E-0007
 2.300E-0001,-6.56137E-0007
 2.310E-0001,-7.44640E-0007
 2.320E-0001,-8.45349E-0007
 2.330E-0001,-9.36903E-0007
 2.340E-0001,-1.03150E-0006
 2.350E-0001,-1.11696E-0006
 2.360E-0001,-1.21156E-0006
 2.370E-0001,-1.30617E-0006
 2.380E-0001,-1.40383E-0006
 2.390E-0001,-1.49843E-0006
 2.400E-0001,-1.59914E-0006
 2.410E-0001,-1.69985E-0006
 2.420E-0001,-1.79751E-0006
 2.430E-0001,-1.90127E-0006
 2.440E-0001,-2.00198E-0006
 2.450E-0001,-2.10879E-0006
 2.460E-0001,-2.20950E-0006
 2.470E-0001,-2.31021E-0006
 2.480E-0001,-2.42008E-0006
 2.490E-0001,-2.51773E-0006
 2.500E-0001,-2.61844E-0006
 2.510E-0001,-2.72220E-0006
 2.520E-0001,-2.82902E-0006
 2.530E-0001,-2.92973E-0006
 2.540E-0001,-3.03959E-0006
 2.550E-0001,-3.13725E-0006
 2.560E-0001,-3.23796E-0006
 2.570E-0001,-3.34477E-0006
 2.580E-0001,-3.44243E-0006
 2.590E-0001,-3.54314E-0006
 2.600E-0001,-3.63775E-0006
 2.610E-0001,-3.74151E-0006
 2.620E-0001,-3.83916E-0006
 2.630E-0001,-3.93682E-0006
 2.640E-0001,-4.03143E-0006
 2.650E-0001,-4.12603E-0006
 2.660E-0001,-4.21759E-0006
 2.670E-0001,-4.30609E-0006
 2.680E-0001,-4.40070E-0006
 2.690E-0001,-4.48920E-0006
 2.700E-0001,-4.57160E-0006
 2.710E-0001,-4.65705E-0006
 2.720E-0001,-4.73640E-0006
 2.730E-0001,-4.81574E-0006
 2.740E-0001,-4.89204E-0006
 2.750E-0001,-4.96528E-0006
 2.760E-0001,-5.04158E-0006
 2.770E-0001,-5.11177E-0006
 2.780E-0001,-5.18806E-0006
 2.790E-0001,-5.25215E-0006
 2.800E-0001,-5.31319E-0006
 2.810E-0001,-5.38033E-0006
 2.820E-0001,-5.44136E-0006
 2.830E-0001,-5.49629E-0006
 2.840E-0001,-5.56343E-0006
 2.850E-0001,-5.61226E-0006
 2.860E-0001,-5.65194E-0006
 2.870E-0001,-5.70382E-0006
 2.880E-0001,-5.74654E-0006
 2.890E-0001,-5.78927E-0006
 2.900E-0001,-5.82589E-0006
 2.910E-0001,-5.86861E-0006
 2.920E-0001,-5.90524E-0006
 2.930E-0001,-5.93881E-0006
 2.940E-0001,-5.97543E-0006
 2.950E-0001,-5.99984E-0006
 2.960E-0001,-6.02426E-0006
 2.970E-0001,-6.04562E-0006
 2.980E-0001,-6.07003E-0006
 2.990E-0001,-6.08224E-0006
 3.000E-0001,-6.10055E-0006
 3.010E-0001,-6.11276E-0006
 3.020E-0001,-6.13107E-0006
 3.030E-0001,-6.13717E-0006
 3.040E-0001,-6.14633E-0006
 3.050E-0001,-6.15243E-0006
 3.060E-0001,-6.15854E-0006
 3.070E-0001,-6.15854E-0006
 3.080E-0001,-6.15548E-0006
 3.090E-0001,-6.14938E-0006
 3.100E-0001,-6.14938E-0006
 3.110E-0001,-6.14023E-0006
 3.120E-0001,-6.14023E-0006
 3.130E-0001,-6.12802E-0006
 3.140E-0001,-6.12802E-0006
 3.150E-0001,-6.10971E-0006
 3.160E-0001,-6.09445E-0006
 3.170E-0001,-6.08529E-0006
 3.180E-0001,-6.07003E-0006
 3.190E-0001,-6.05477E-0006
 3.200E-0001,-6.03341E-0006
 3.210E-0001,-6.01815E-0006
 3.220E-0001,-5.99679E-0006
 3.230E-0001,-5.97543E-0006
 3.240E-0001,-5.94796E-0006
 3.250E-0001,-5.92965E-0006
 3.260E-0001,-5.89913E-0006
 3.270E-0001,-5.87777E-0006
 3.280E-0001,-5.85336E-0006
 3.290E-0001,-5.83199E-0006
 3.300E-0001,-5.79842E-0006
 3.310E-0001,-5.78011E-0006
 3.320E-0001,-5.74654E-0006
 3.330E-0001,-5.71602E-0006
 3.340E-0001,-5.69161E-0006
 3.350E-0001,-5.65804E-0006
 3.360E-0001,-5.63668E-0006
 3.370E-0001,-5.60616E-0006
 3.380E-0001,-5.57564E-0006
 3.390E-0001,-5.54207E-0006
 3.400E-0001,-5.50850E-0006
 3.410E-0001,-5.48104E-0006
 3.420E-0001,-5.45357E-0006
 3.430E-0001,-5.41695E-0006
 3.440E-0001,-5.38948E-0006
 3.450E-0001,-5.35896E-0006
 3.460E-0001,-5.32539E-0006
 3.470E-0001,-5.28572E-0006
 3.480E-0001,-5.25825E-0006
 3.490E-0001,-5.22468E-0006
 3.500E-0001,-5.19722E-0006
 3.510E-0001,-5.16365E-0006
 3.520E-0001,-5.13313E-0006
 3.530E-0001,-5.09956E-0006
 3.540E-0001,-5.06904E-0006
 3.550E-0001,-5.03852E-0006
 3.560E-0001,-5.00190E-0006
 3.570E-0001,-4.96833E-0006
 3.580E-0001,-4.94087E-0006
 3.590E-0001,-4.91035E-0006
 3.600E-0001,-4.88288E-0006
 3.610E-0001,-4.84931E-0006
 3.620E-0001,-4.81269E-0006
 3.630E-0001,-4.77912E-0006
 3.640E-0001,-4.75776E-0006
 3.650E-0001,-4.72724E-0006
 3.660E-0001,-4.70588E-0006
 3.670E-0001,-4.66926E-0006
 3.680E-0001,-4.63569E-0006
 3.690E-0001,-4.60822E-0006
 3.700E-0001,-4.58381E-0006
 3.710E-0001,-4.54413E-0006
 3.720E-0001,-4.51972E-0006
 3.730E-0001,-4.49225E-0006
 3.740E-0001,-4.46784E-0006
 3.750E-0001,-4.44037E-0006
 3.760E-0001,-4.40985E-0006
 3.770E-0001,-4.37628E-0006
 3.780E-0001,-4.35187E-0006
 3.790E-0001,-4.32745E-0006
 3.800E-0001,-4.29999E-0006
 3.810E-0001,-4.26947E-0006
 3.820E-0001,-4.25116E-0006
 3.830E-0001,-4.22369E-0006
 3.840E-0001,-4.19317E-0006
 3.850E-0001,-4.17486E-0006
 3.860E-0001,-4.14740E-0006
 3.870E-0001,-4.11993E-0006
 3.880E-0001,-4.09552E-0006
 3.890E-0001,-4.07415E-0006
 3.900E-0001,-4.04669E-0006
 3.910E-0001,-4.02532E-0006
 3.920E-0001,-3.99176E-0006
 3.930E-0001,-3.97344E-0006
 3.940E-0001,-3.94903E-0006
 3.950E-0001,-3.93072E-0006
 3.960E-0001,-3.91546E-0006
 3.970E-0001,-3.88494E-0006
 3.980E-0001,-3.86053E-0006
 3.990E-0001,-3.83916E-0006
 4.000E-0001,-3.81780E-0006
 4.010E-0001,-3.79949E-0006
 4.020E-0001,-3.77508E-0006
 4.030E-0001,-3.76287E-0006
 4.040E-0001,-3.73540E-0006
 4.050E-0001,-3.71709E-0006
 4.060E-0001,-3.69268E-0006
 4.070E-0001,-3.67132E-0006
 4.080E-0001,-3.65300E-0006
 4.090E-0001,-3.63775E-0006
 4.100E-0001,-3.61333E-0006
 4.110E-0001,-3.59807E-0006
 4.120E-0001,-3.57061E-0006
 4.130E-0001,-3.55230E-0006
 4.140E-0001,-3.54009E-0006
 4.150E-0001,-3.51873E-0006
 4.160E-0001,-3.50041E-0006
 4.170E-0001,-3.48210E-0006
 4.180E-0001,-3.46379E-0006
 4.190E-0001,-3.44853E-0006
 4.200E-0001,-3.43327E-0006
 4.210E-0001,-3.41496E-0006
 4.220E-0001,-3.39971E-0006
 4.230E-0001,-3.38750E-0006
 4.240E-0001,-3.36614E-0006
 4.250E-0001,-3.35088E-0006
 4.260E-0001,-3.32951E-0006
 4.270E-0001,-3.30815E-0006
 4.280E-0001,-3.29900E-0006
 4.290E-0001,-3.28374E-0006
 4.300E-0001,-3.26543E-0006
 4.310E-0001,-3.25017E-0006
 4.320E-0001,-3.23796E-0006
 4.330E-0001,-3.21660E-0006
 4.340E-0001,-3.20439E-0006
 4.350E-0001,-3.19829E-0006
 4.360E-0001,-3.18608E-0006
 4.370E-0001,-3.16166E-0006
 4.380E-0001,-3.14335E-0006
 4.390E-0001,-3.13420E-0006
 4.400E-0001,-3.12199E-0006
 4.410E-0001,-3.10673E-0006
 4.420E-0001,-3.09147E-0006
 4.430E-0001,-3.07927E-0006
 4.440E-0001,-3.06401E-0006
 4.450E-0001,-3.04875E-0006
 4.460E-0001,-3.04264E-0006
 4.470E-0001,-3.02128E-0006
 4.480E-0001,-3.02128E-0006
 4.490E-0001,-2.99992E-0006
 4.500E-0001,-2.98466E-0006
 4.510E-0001,-2.96635E-0006
 4.520E-0001,-2.96635E-0006
 4.530E-0001,-2.95109E-0006
 4.540E-0001,-2.94193E-0006
 4.550E-0001,-2.92057E-0006
 4.560E-0001,-2.90836E-0006
 4.570E-0001,-2.89616E-0006
 4.580E-0001,-2.88700E-0006
 4.590E-0001,-2.87174E-0006
 4.600E-0001,-2.86564E-0006
 4.610E-0001,-2.85343E-0006
 4.620E-0001,-2.84428E-0006
 4.630E-0001,-2.83512E-0006
 4.640E-0001,-2.82291E-0006
 4.650E-0001,-2.81071E-0006
 4.660E-0001,-2.80155E-0006
 4.670E-0001,-2.79240E-0006
 4.680E-0001,-2.78019E-0006
 4.690E-0001,-2.76798E-0006
 4.700E-0001,-2.75577E-0006
 4.710E-0001,-2.75272E-0006
 4.720E-0001,-2.73746E-0006
 4.730E-0001,-2.72526E-0006
 4.740E-0001,-2.71305E-0006
 4.750E-0001,-2.70389E-0006
 4.760E-0001,-2.70389E-0006
 4.770E-0001,-2.68863E-0006
 4.780E-0001,-2.67948E-0006
 4.790E-0001,-2.67032E-0006
 4.800E-0001,-2.65812E-0006
 4.810E-0001,-2.64286E-0006
 4.820E-0001,-2.63370E-0006
 4.830E-0001,-2.62760E-0006
 4.840E-0001,-2.61539E-0006
 4.850E-0001,-2.60929E-0006
 4.860E-0001,-2.60624E-0006
 4.870E-0001,-2.59708E-0006
 4.880E-0001,-2.58182E-0006
 4.890E-0001,-2.57572E-0006
 4.900E-0001,-2.56656E-0006
 4.910E-0001,-2.56046E-0006
 4.920E-0001,-2.55130E-0006
 4.930E-0001,-2.53910E-0006
 4.940E-0001,-2.53910E-0006
 4.950E-0001,-2.52079E-0006
 4.960E-0001,-2.52079E-0006
 4.970E-0001,-2.50858E-0006
 4.980E-0001,-2.49637E-0006
 4.990E-0001,-2.49637E-0006
 5.000E-0001,-2.48111E-0006
 5.010E-0001,-2.47501E-0006
 5.020E-0001,-2.46890E-0006
 5.030E-0001,-2.45975E-0006
 5.040E-0001,-2.45975E-0006
 5.050E-0001,-2.44449E-0006
 5.060E-0001,-2.44144E-0006
 5.070E-0001,-2.42923E-0006
 5.080E-0001,-2.42008E-0006
 5.090E-0001,-2.41702E-0006
 5.100E-0001,-2.41397E-0006
 5.110E-0001,-2.40177E-0006
 5.120E-0001,-2.39871E-0006
 5.130E-0001,-2.38345E-0006
 5.140E-0001,-2.38040E-0006
 5.150E-0001,-2.37430E-0006
 5.160E-0001,-2.36514E-0006
 5.170E-0001,-2.35904E-0006
 5.180E-0001,-2.34988E-0006
 5.190E-0001,-2.33768E-0006
 5.200E-0001,-2.33768E-0006
 5.210E-0001,-2.33157E-0006
 5.220E-0001,-2.31631E-0006
 5.230E-0001,-2.31326E-0006
 5.240E-0001,-2.31021E-0006
 5.250E-0001,-2.30106E-0006
 5.260E-0001,-2.29800E-0006
 5.270E-0001,-2.28274E-0006
 5.280E-0001,-2.28274E-0006
 5.290E-0001,-2.27359E-0006
 5.300E-0001,-2.26749E-0006
 5.310E-0001,-2.26138E-0006
 5.320E-0001,-2.25528E-0006
 5.330E-0001,-2.24917E-0006
 5.340E-0001,-2.24612E-0006
 5.350E-0001,-2.23697E-0006
 5.360E-0001,-2.23392E-0006
 5.370E-0001,-2.22781E-0006
 5.380E-0001,-2.22171E-0006
 5.390E-0001,-2.21866E-0006
 5.400E-0001,-2.20950E-0006
 5.410E-0001,-2.20645E-0006
 5.420E-0001,-2.19729E-0006
 5.430E-0001,-2.19119E-0006
 5.440E-0001,-2.18814E-0006
 5.450E-0001,-2.18204E-0006
 5.460E-0001,-2.17288E-0006
 5.470E-0001,-2.17288E-0006
 5.480E-0001,-2.16678E-0006
 5.490E-0001,-2.16067E-0006
 5.500E-0001,-2.15762E-0006
 5.510E-0001,-2.14236E-0006
 5.520E-0001,-2.13931E-0006
 5.530E-0001,-2.13931E-0006
 5.540E-0001,-2.13015E-0006
 5.550E-0001,-2.12710E-0006
 5.560E-0001,-2.12405E-0006
 5.570E-0001,-2.12405E-0006
 5.580E-0001,-2.11184E-0006
 5.590E-0001,-2.10574E-0006
 5.600E-0001,-2.10879E-0006
 5.610E-0001,-2.09658E-0006
 5.620E-0001,-2.09353E-0006
 5.630E-0001,-2.08743E-0006
 5.640E-0001,-2.08438E-0006
 5.650E-0001,-2.06912E-0006
 5.660E-0001,-2.07827E-0006
 5.670E-0001,-2.07217E-0006
 5.680E-0001,-2.06301E-0006
 5.690E-0001,-2.06301E-0006
 5.700E-0001,-2.05386E-0006
 5.710E-0001,-2.05081E-0006
 5.720E-0001,-2.04776E-0006
 5.730E-0001,-2.04165E-0006
 5.740E-0001,-2.03555E-0006
 5.750E-0001,-2.02639E-0006
 5.760E-0001,-2.02639E-0006
 5.770E-0001,-2.02639E-0006
 5.780E-0001,-2.02334E-0006
 5.790E-0001,-2.01113E-0006
 5.800E-0001,-2.01113E-0006
 5.810E-0001,-2.00503E-0006
 5.820E-0001,-1.99588E-0006
 5.830E-0001,-1.99893E-0006
 5.840E-0001,-1.99893E-0006
 5.850E-0001,-1.98672E-0006
 5.860E-0001,-1.98367E-0006
 5.870E-0001,-1.98062E-0006
 5.880E-0001,-1.98062E-0006
 5.890E-0001,-1.97756E-0006
 5.900E-0001,-1.96841E-0006
 5.910E-0001,-1.96536E-0006
 5.920E-0001,-1.97146E-0006
 5.930E-0001,-1.95925E-0006
 5.940E-0001,-1.95315E-0006
 5.950E-0001,-1.95010E-0006
 5.960E-0001,-1.94705E-0006
 5.970E-0001,-1.94399E-0006
 5.980E-0001,-1.93789E-0006
 5.990E-0001,-1.93789E-0006
 6.000E-0001,-1.93484E-0006
 6.010E-0001,-1.93179E-0006
 6.020E-0001,-1.93484E-0006
 6.030E-0001,-1.92263E-0006
 6.040E-0001,-1.92874E-0006
 6.050E-0001,-1.91653E-0006
 6.060E-0001,-1.91348E-0006
 6.070E-0001,-1.91042E-0006
 6.080E-0001,-1.90127E-0006
 6.090E-0001,-1.90127E-0006
 6.100E-0001,-1.90432E-0006
 6.110E-0001,-1.89822E-0006
 6.120E-0001,-1.88906E-0006
 6.130E-0001,-1.89211E-0006
 6.140E-0001,-1.88906E-0006
 6.150E-0001,-1.88601E-0006
 6.160E-0001,-1.88601E-0006
 6.170E-0001,-1.87685E-0006
 6.180E-0001,-1.87380E-0006
 6.190E-0001,-1.87380E-0006
 6.200E-0001,-1.87075E-0006
 6.210E-0001,-1.86465E-0006
 6.220E-0001,-1.86770E-0006
 6.230E-0001,-1.85854E-0006
 6.240E-0001,-1.85854E-0006
 6.250E-0001,-1.85854E-0006
 6.260E-0001,-1.85244E-0006
 6.270E-0001,-1.85549E-0006
 6.280E-0001,-1.85244E-0006
 6.290E-0001,-1.84634E-0006
 6.300E-0001,-1.84634E-0006
 6.310E-0001,-1.84328E-0006
 6.320E-0001,-1.83413E-0006
 6.330E-0001,-1.83108E-0006
 6.340E-0001,-1.84023E-0006
 6.350E-0001,-1.83413E-0006
 6.360E-0001,-1.82497E-0006
 6.370E-0001,-1.82803E-0006
 6.380E-0001,-1.81887E-0006
 6.390E-0001,-1.81277E-0006
 6.400E-0001,-1.81887E-0006
 6.410E-0001,-1.81582E-0006
 6.420E-0001,-1.81582E-0006
 6.430E-0001,-1.80971E-0006
 6.440E-0001,-1.81277E-0006
 6.450E-0001,-1.80666E-0006
 6.460E-0001,-1.80361E-0006
 6.470E-0001,-1.80361E-0006
 6.480E-0001,-1.80056E-0006
 6.490E-0001,-1.80361E-0006
 6.500E-0001,-1.80056E-0006
 6.510E-0001,-1.79751E-0006
 6.520E-0001,-1.78835E-0006
 6.530E-0001,-1.78835E-0006
 6.540E-0001,-1.79751E-0006
 6.550E-0001,-1.79140E-0006
 6.560E-0001,-1.79140E-0006
 6.570E-0001,-1.78225E-0006
 6.580E-0001,-1.78530E-0006
 6.590E-0001,-1.78225E-0006
 6.600E-0001,-1.77615E-0006
 6.610E-0001,-1.77309E-0006
 6.620E-0001,-1.77309E-0006
 6.630E-0001,-1.77309E-0006
 6.640E-0001,-1.77309E-0006
 6.650E-0001,-1.77004E-0006
 6.660E-0001,-1.77004E-0006
 6.670E-0001,-1.77004E-0006
 6.680E-0001,-1.77004E-0006
 6.690E-0001,-1.77309E-0006
 6.700E-0001,-1.76089E-0006
 6.710E-0001,-1.76394E-0006
 6.720E-0001,-1.76089E-0006
 6.730E-0001,-1.76089E-0006
 6.740E-0001,-1.75783E-0006
 6.750E-0001,-1.75478E-0006
 6.760E-0001,-1.75783E-0006
 6.770E-0001,-1.75478E-0006
 6.780E-0001,-1.75783E-0006
 6.790E-0001,-1.75478E-0006
 6.800E-0001,-1.75478E-0006
 6.810E-0001,-1.74868E-0006
 6.820E-0001,-1.75478E-0006
 6.830E-0001,-1.75173E-0006
 6.840E-0001,-1.74868E-0006
 6.850E-0001,-1.74258E-0006
 6.860E-0001,-1.74258E-0006
 6.870E-0001,-1.74563E-0006
 6.880E-0001,-1.74563E-0006
 6.890E-0001,-1.74258E-0006
 6.900E-0001,-1.73952E-0006
 6.910E-0001,-1.74258E-0006
 6.920E-0001,-1.74868E-0006
 6.930E-0001,-1.73952E-0006
 6.940E-0001,-1.73952E-0006
 6.950E-0001,-1.73647E-0006
 6.960E-0001,-1.73647E-0006
 6.970E-0001,-1.73952E-0006
 6.980E-0001,-1.74258E-0006
 6.990E-0001,-1.73952E-0006
 7.000E-0001,-1.73647E-0006
 7.010E-0001,-1.73647E-0006
 7.020E-0001,-1.73647E-0006
 7.030E-0001,-1.74258E-0006
 7.040E-0001,-1.73952E-0006
 7.050E-0001,-1.74258E-0006
 7.060E-0001,-1.73952E-0006
 7.070E-0001,-1.74258E-0006
 7.080E-0001,-1.73952E-0006
 7.090E-0001,-1.73647E-0006
 7.100E-0001,-1.74258E-0006
 7.110E-0001,-1.73647E-0006
 7.120E-0001,-1.73647E-0006
 7.130E-0001,-1.73647E-0006
 7.140E-0001,-1.73952E-0006
 7.150E-0001,-1.73952E-0006
 7.160E-0001,-1.73952E-0006
 7.170E-0001,-1.74258E-0006
 7.180E-0001,-1.73952E-0006
 7.190E-0001,-1.74563E-0006
 7.200E-0001,-1.73952E-0006
 7.210E-0001,-1.74563E-0006
 7.220E-0001,-1.74258E-0006
 7.230E-0001,-1.74563E-0006
 7.240E-0001,-1.74258E-0006
 7.250E-0001,-1.73952E-0006
 7.260E-0001,-1.74258E-0006
 7.270E-0001,-1.74563E-0006
 7.280E-0001,-1.74563E-0006
 7.290E-0001,-1.75173E-0006
 7.300E-0001,-1.74868E-0006
 7.310E-0001,-1.75173E-0006
 7.320E-0001,-1.74868E-0006
 7.330E-0001,-1.75173E-0006
 7.340E-0001,-1.75478E-0006
 7.350E-0001,-1.75478E-0006
 7.360E-0001,-1.75783E-0006
 7.370E-0001,-1.75783E-0006
 7.380E-0001,-1.76394E-0006
 7.390E-0001,-1.76394E-0006
 7.400E-0001,-1.76089E-0006
 7.410E-0001,-1.76089E-0006
 7.420E-0001,-1.76089E-0006
 7.430E-0001,-1.76699E-0006
 7.440E-0001,-1.77004E-0006
 7.450E-0001,-1.77309E-0006
 7.460E-0001,-1.77004E-0006
 7.470E-0001,-1.77615E-0006
 7.480E-0001,-1.77309E-0006
 7.490E-0001,-1.77615E-0006
 7.500E-0001,-1.77920E-0006
 7.510E-0001,-1.77615E-0006
 7.520E-0001,-1.77920E-0006
 7.530E-0001,-1.77920E-0006
 7.540E-0001,-1.78225E-0006
 7.550E-0001,-1.78835E-0006
 7.560E-0001,-1.78530E-0006
 7.570E-0001,-1.78225E-0006
 7.580E-0001,-1.78835E-0006
 7.590E-0001,-1.79446E-0006
 7.600E-0001,-1.79446E-0006
 7.610E-0001,-1.79751E-0006
 7.620E-0001,-1.79751E-0006
 7.630E-0001,-1.79751E-0006
 7.640E-0001,-1.80361E-0006
 7.650E-0001,-1.79751E-0006
 7.660E-0001,-1.80666E-0006
 7.670E-0001,-1.81582E-0006
 7.680E-0001,-1.81582E-0006
 7.690E-0001,-1.81582E-0006
 7.700E-0001,-1.81277E-0006
 7.710E-0001,-1.81887E-0006
 7.720E-0001,-1.82192E-0006
 7.730E-0001,-1.81887E-0006
 7.740E-0001,-1.82192E-0006
 7.750E-0001,-1.83413E-0006
 7.760E-0001,-1.83413E-0006
 7.770E-0001,-1.83108E-0006
 7.780E-0001,-1.83413E-0006
 7.790E-0001,-1.83413E-0006
 7.800E-0001,-1.84023E-0006
 7.810E-0001,-1.84023E-0006
 7.820E-0001,-1.84634E-0006
 7.830E-0001,-1.84939E-0006
 7.840E-0001,-1.84634E-0006
 7.850E-0001,-1.85244E-0006
 7.860E-0001,-1.85244E-0006
 7.870E-0001,-1.85244E-0006
 7.880E-0001,-1.85854E-0006
 7.890E-0001,-1.85549E-0006
 7.900E-0001,-1.86465E-0006
 7.910E-0001,-1.86465E-0006
 7.920E-0001,-1.86770E-0006
 7.930E-0001,-1.87380E-0006
 7.940E-0001,-1.87685E-0006
 7.950E-0001,-1.87380E-0006
 7.960E-0001,-1.87685E-0006
 7.970E-0001,-1.87991E-0006
 7.980E-0001,-1.88906E-0006
 7.990E-0001,-1.88601E-0006
 8.000E-0001,-1.89211E-0006
