
 7.990E-0001,-9.21644E-0007
 7.980E-0001,-8.94178E-0007
 7.970E-0001,-8.63660E-0007
 7.960E-0001,-8.36194E-0007
 7.950E-0001,-7.99572E-0007
 7.940E-0001,-7.69054E-0007
 7.930E-0001,-7.38536E-0007
 7.920E-0001,-7.11070E-0007
 7.910E-0001,-6.80552E-0007
 7.900E-0001,-6.62241E-0007
 7.890E-0001,-6.31723E-0007
 7.880E-0001,-6.16464E-0007
 7.870E-0001,-5.95101E-0007
 7.860E-0001,-5.79842E-0007
 7.850E-0001,-5.61532E-0007
 7.840E-0001,-5.46272E-0007
 7.830E-0001,-5.34065E-0007
 7.820E-0001,-5.12703E-0007
 7.810E-0001,-5.00495E-0007
 7.800E-0001,-4.88288E-0007
 7.790E-0001,-4.69977E-0007
 7.780E-0001,-4.57770E-0007
 7.770E-0001,-4.42511E-0007
 7.760E-0001,-4.33356E-0007
 7.750E-0001,-4.27252E-0007
 7.740E-0001,-4.08941E-0007
 7.730E-0001,-4.02838E-0007
 7.720E-0001,-3.93682E-0007
 7.710E-0001,-3.84527E-0007
 7.700E-0001,-3.69268E-0007
 7.690E-0001,-3.57061E-0007
 7.680E-0001,-3.54009E-0007
 7.670E-0001,-3.47905E-0007
 7.660E-0001,-3.32646E-0007
 7.650E-0001,-3.23491E-0007
 7.640E-0001,-3.17387E-0007
 7.630E-0001,-3.08232E-0007
 7.620E-0001,-3.02128E-0007
 7.610E-0001,-2.96025E-0007
 7.600E-0001,-2.83817E-0007
 7.590E-0001,-2.77714E-0007
 7.580E-0001,-2.68558E-0007
 7.570E-0001,-2.59403E-0007
 7.560E-0001,-2.59403E-0007
 7.550E-0001,-2.47196E-0007
 7.540E-0001,-2.44144E-0007
 7.530E-0001,-2.34988E-0007
 7.520E-0001,-2.28885E-0007
 7.510E-0001,-2.22781E-0007
 7.500E-0001,-2.19729E-0007
 7.490E-0001,-2.16678E-0007
 7.480E-0001,-2.07522E-0007
 7.470E-0001,-1.95315E-0007
 7.460E-0001,-2.01419E-0007
 7.450E-0001,-2.01419E-0007
 7.440E-0001,-1.89211E-0007
 7.430E-0001,-1.86160E-0007
 7.420E-0001,-1.70901E-0007
 7.410E-0001,-1.70901E-0007
 7.400E-0001,-1.73952E-0007
 7.390E-0001,-1.64797E-0007
 7.380E-0001,-1.58693E-0007
 7.370E-0001,-1.58693E-0007
 7.360E-0001,-1.52590E-0007
 7.350E-0001,-1.43434E-0007
 7.340E-0001,-1.43434E-0007
 7.330E-0001,-1.37331E-0007
 7.320E-0001,-1.34279E-0007
 7.310E-0001,-1.25123E-0007
 7.300E-0001,-1.19020E-0007
 7.290E-0001,-1.22072E-0007
 7.280E-0001,-1.12916E-0007
 7.270E-0001,-1.09864E-0007
 7.260E-0001,-1.12916E-0007
 7.250E-0001,-1.09864E-0007
 7.240E-0001,-1.06813E-0007
 7.230E-0001,-9.46059E-0008
 7.220E-0001,-1.00709E-0007
 7.210E-0001,-9.15541E-0008
 7.200E-0001,-8.85023E-0008
 7.190E-0001,-8.23987E-0008
 7.180E-0001,-7.93469E-0008
 7.170E-0001,-7.62951E-0008
 7.160E-0001,-7.01915E-0008
 7.150E-0001,-7.32433E-0008
 7.140E-0001,-6.71396E-0008
 7.130E-0001,-6.10360E-0008
 7.120E-0001,-6.40878E-0008
 7.110E-0001,-5.79842E-0008
 7.100E-0001,-5.79842E-0008
 7.090E-0001,-5.79842E-0008
 7.080E-0001,-4.88288E-0008
 7.070E-0001,-4.57770E-0008
 7.060E-0001,-4.27252E-0008
 7.050E-0001,-3.96734E-0008
 7.040E-0001,-4.27252E-0008
 7.030E-0001,-3.66216E-0008
 7.020E-0001,-3.96734E-0008
 7.010E-0001,-3.35698E-0008
 7.000E-0001,-3.66216E-0008
 6.990E-0001,-2.44144E-0008
 6.980E-0001,-2.44144E-0008
 6.970E-0001,-2.13626E-0008
 6.960E-0001,-1.52590E-0008
 6.950E-0001,-1.52590E-0008
 6.940E-0001,-1.52590E-0008
 6.930E-0001,-1.22072E-0008
 6.920E-0001,-9.15541E-0009
 6.910E-0001,-6.10360E-0009
 6.900E-0001,-6.10360E-0009
 6.890E-0001,-6.10360E-0009
 6.880E-0001, 6.10360E-0009
 6.870E-0001,-3.05180E-0009
 6.860E-0001, 3.05180E-0009
 6.850E-0001, 6.10360E-0009
 6.840E-0001, 0.00000E+0000
 6.830E-0001, 6.10360E-0009
 6.820E-0001, 1.22072E-0008
 6.810E-0001, 1.22072E-0008
 6.800E-0001, 1.52590E-0008
 6.790E-0001, 1.83108E-0008
 6.780E-0001, 1.52590E-0008
 6.770E-0001, 1.52590E-0008
 6.760E-0001, 2.13626E-0008
 6.750E-0001, 2.44144E-0008
 6.740E-0001, 2.13626E-0008
 6.730E-0001, 2.13626E-0008
 6.720E-0001, 2.44144E-0008
 6.710E-0001, 2.44144E-0008
 6.700E-0001, 3.05180E-0008
 6.690E-0001, 2.44144E-0008
 6.680E-0001, 3.05180E-0008
 6.670E-0001, 3.35698E-0008
 6.660E-0001, 3.66216E-0008
 6.650E-0001, 3.96734E-0008
 6.640E-0001, 4.27252E-0008
 6.630E-0001, 3.96734E-0008
 6.620E-0001, 3.96734E-0008
 6.610E-0001, 3.96734E-0008
 6.600E-0001, 4.27252E-0008
 6.590E-0001, 4.88288E-0008
 6.580E-0001, 4.88288E-0008
 6.570E-0001, 5.49324E-0008
 6.560E-0001, 5.49324E-0008
 6.550E-0001, 5.18806E-0008
 6.540E-0001, 5.18806E-0008
 6.530E-0001, 6.10360E-0008
 6.520E-0001, 5.18806E-0008
 6.510E-0001, 5.49324E-0008
 6.500E-0001, 5.79842E-0008
 6.490E-0001, 6.10360E-0008
 6.480E-0001, 6.40878E-0008
 6.470E-0001, 6.71396E-0008
 6.460E-0001, 6.10360E-0008
 6.450E-0001, 6.40878E-0008
 6.440E-0001, 6.71396E-0008
 6.430E-0001, 6.40878E-0008
 6.420E-0001, 7.32433E-0008
 6.410E-0001, 6.40878E-0008
 6.400E-0001, 7.01915E-0008
 6.390E-0001, 7.62951E-0008
 6.380E-0001, 7.01915E-0008
 6.370E-0001, 7.32433E-0008
 6.360E-0001, 7.62951E-0008
 6.350E-0001, 7.62951E-0008
 6.340E-0001, 7.93469E-0008
 6.330E-0001, 8.23987E-0008
 6.320E-0001, 8.23987E-0008
 6.310E-0001, 8.54505E-0008
 6.300E-0001, 7.62951E-0008
 6.290E-0001, 8.23987E-0008
 6.280E-0001, 8.23987E-0008
 6.270E-0001, 8.54505E-0008
 6.260E-0001, 8.54505E-0008
 6.250E-0001, 8.85023E-0008
 6.240E-0001, 9.15541E-0008
 6.230E-0001, 9.76577E-0008
 6.220E-0001, 9.46059E-0008
 6.210E-0001, 9.76577E-0008
 6.200E-0001, 9.46059E-0008
 6.190E-0001, 9.76577E-0008
 6.180E-0001, 1.00709E-0007
 6.170E-0001, 1.03761E-0007
 6.160E-0001, 1.06813E-0007
 6.150E-0001, 1.00709E-0007
 6.140E-0001, 9.46059E-0008
 6.130E-0001, 1.06813E-0007
 6.120E-0001, 1.06813E-0007
 6.110E-0001, 1.09864E-0007
 6.100E-0001, 1.09864E-0007
 6.090E-0001, 1.09864E-0007
 6.080E-0001, 1.06813E-0007
 6.070E-0001, 1.09864E-0007
 6.060E-0001, 1.12916E-0007
 6.050E-0001, 1.12916E-0007
 6.040E-0001, 1.12916E-0007
 6.030E-0001, 1.15968E-0007
 6.020E-0001, 1.19020E-0007
 6.010E-0001, 1.15968E-0007
 6.000E-0001, 1.19020E-0007
 5.990E-0001, 1.19020E-0007
 5.980E-0001, 1.25123E-0007
 5.970E-0001, 1.25123E-0007
 5.960E-0001, 1.22072E-0007
 5.950E-0001, 1.22072E-0007
 5.940E-0001, 1.28175E-0007
 5.930E-0001, 1.28175E-0007
 5.920E-0001, 1.22072E-0007
 5.910E-0001, 1.25123E-0007
 5.900E-0001, 1.28175E-0007
 5.890E-0001, 1.34279E-0007
 5.880E-0001, 1.34279E-0007
 5.870E-0001, 1.34279E-0007
 5.860E-0001, 1.31227E-0007
 5.850E-0001, 1.31227E-0007
 5.840E-0001, 1.37331E-0007
 5.830E-0001, 1.40383E-0007
 5.820E-0001, 1.37331E-0007
 5.810E-0001, 1.37331E-0007
 5.800E-0001, 1.46486E-0007
 5.790E-0001, 1.40383E-0007
 5.780E-0001, 1.40383E-0007
 5.770E-0001, 1.46486E-0007
 5.760E-0001, 1.43434E-0007
 5.750E-0001, 1.43434E-0007
 5.740E-0001, 1.40383E-0007
 5.730E-0001, 1.37331E-0007
 5.720E-0001, 1.46486E-0007
 5.710E-0001, 1.43434E-0007
 5.700E-0001, 1.49538E-0007
 5.690E-0001, 1.52590E-0007
 5.680E-0001, 1.52590E-0007
 5.670E-0001, 1.52590E-0007
 5.660E-0001, 1.49538E-0007
 5.650E-0001, 1.58693E-0007
 5.640E-0001, 1.49538E-0007
 5.630E-0001, 1.49538E-0007
 5.620E-0001, 1.58693E-0007
 5.610E-0001, 1.58693E-0007
 5.600E-0001, 1.58693E-0007
 5.590E-0001, 1.55642E-0007
 5.580E-0001, 1.61745E-0007
 5.570E-0001, 1.58693E-0007
 5.560E-0001, 1.61745E-0007
 5.550E-0001, 1.70901E-0007
 5.540E-0001, 1.61745E-0007
 5.530E-0001, 1.64797E-0007
 5.520E-0001, 1.61745E-0007
 5.510E-0001, 1.64797E-0007
 5.500E-0001, 1.70901E-0007
 5.490E-0001, 1.70901E-0007
 5.480E-0001, 1.67849E-0007
 5.470E-0001, 1.67849E-0007
 5.460E-0001, 1.64797E-0007
 5.450E-0001, 1.67849E-0007
 5.440E-0001, 1.73952E-0007
 5.430E-0001, 1.70901E-0007
 5.420E-0001, 1.73952E-0007
 5.410E-0001, 1.67849E-0007
 5.400E-0001, 1.73952E-0007
 5.390E-0001, 1.70901E-0007
 5.380E-0001, 1.77004E-0007
 5.370E-0001, 1.73952E-0007
 5.360E-0001, 1.80056E-0007
 5.350E-0001, 1.77004E-0007
 5.340E-0001, 1.80056E-0007
 5.330E-0001, 1.80056E-0007
 5.320E-0001, 1.80056E-0007
 5.310E-0001, 1.77004E-0007
 5.300E-0001, 1.77004E-0007
 5.290E-0001, 1.80056E-0007
 5.280E-0001, 1.80056E-0007
 5.270E-0001, 1.83108E-0007
 5.260E-0001, 1.89211E-0007
 5.250E-0001, 1.86160E-0007
 5.240E-0001, 1.86160E-0007
 5.230E-0001, 1.89211E-0007
 5.220E-0001, 1.89211E-0007
 5.210E-0001, 1.89211E-0007
 5.200E-0001, 1.95315E-0007
 5.190E-0001, 1.92263E-0007
 5.180E-0001, 1.83108E-0007
 5.170E-0001, 1.95315E-0007
 5.160E-0001, 1.86160E-0007
 5.150E-0001, 1.98367E-0007
 5.140E-0001, 1.95315E-0007
 5.130E-0001, 1.92263E-0007
 5.120E-0001, 1.98367E-0007
 5.110E-0001, 1.98367E-0007
 5.100E-0001, 2.01419E-0007
 5.090E-0001, 2.01419E-0007
 5.080E-0001, 1.98367E-0007
 5.070E-0001, 2.01419E-0007
 5.060E-0001, 2.01419E-0007
 5.050E-0001, 1.98367E-0007
 5.040E-0001, 2.04470E-0007
 5.030E-0001, 2.04470E-0007
 5.020E-0001, 2.07522E-0007
 5.010E-0001, 2.01419E-0007
 5.000E-0001, 2.04470E-0007
 4.990E-0001, 2.07522E-0007
 4.980E-0001, 2.10574E-0007
 4.970E-0001, 2.10574E-0007
 4.960E-0001, 2.07522E-0007
 4.950E-0001, 2.07522E-0007
 4.940E-0001, 2.07522E-0007
 4.930E-0001, 2.10574E-0007
 4.920E-0001, 2.13626E-0007
 4.910E-0001, 2.13626E-0007
 4.900E-0001, 2.10574E-0007
 4.890E-0001, 2.13626E-0007
 4.880E-0001, 2.10574E-0007
 4.870E-0001, 2.16678E-0007
 4.860E-0001, 2.16678E-0007
 4.850E-0001, 2.16678E-0007
 4.840E-0001, 2.19729E-0007
 4.830E-0001, 2.16678E-0007
 4.820E-0001, 2.22781E-0007
 4.810E-0001, 2.16678E-0007
 4.800E-0001, 2.19729E-0007
 4.790E-0001, 2.25833E-0007
 4.780E-0001, 2.19729E-0007
 4.770E-0001, 2.19729E-0007
 4.760E-0001, 2.16678E-0007
 4.750E-0001, 2.19729E-0007
 4.740E-0001, 2.22781E-0007
 4.730E-0001, 2.25833E-0007
 4.720E-0001, 2.28885E-0007
 4.710E-0001, 2.28885E-0007
 4.700E-0001, 2.31937E-0007
 4.690E-0001, 2.28885E-0007
 4.680E-0001, 2.28885E-0007
 4.670E-0001, 2.28885E-0007
 4.660E-0001, 2.31937E-0007
 4.650E-0001, 2.28885E-0007
 4.640E-0001, 2.25833E-0007
 4.630E-0001, 2.38040E-0007
 4.620E-0001, 2.34988E-0007
 4.610E-0001, 2.44144E-0007
 4.600E-0001, 2.41092E-0007
 4.590E-0001, 2.41092E-0007
 4.580E-0001, 2.50247E-0007
 4.570E-0001, 2.47196E-0007
 4.560E-0001, 2.50247E-0007
 4.550E-0001, 2.47196E-0007
 4.540E-0001, 2.53299E-0007
 4.530E-0001, 2.56351E-0007
 4.520E-0001, 2.53299E-0007
 4.510E-0001, 2.53299E-0007
 4.500E-0001, 2.59403E-0007
 4.490E-0001, 2.59403E-0007
 4.480E-0001, 2.59403E-0007
 4.470E-0001, 2.59403E-0007
 4.460E-0001, 2.59403E-0007
 4.450E-0001, 2.65506E-0007
 4.440E-0001, 2.68558E-0007
 4.430E-0001, 2.65506E-0007
 4.420E-0001, 2.68558E-0007
 4.410E-0001, 2.77714E-0007
 4.400E-0001, 2.80766E-0007
 4.390E-0001, 2.77714E-0007
 4.380E-0001, 2.83817E-0007
 4.370E-0001, 2.86869E-0007
 4.360E-0001, 2.83817E-0007
 4.350E-0001, 2.92973E-0007
 4.340E-0001, 2.89921E-0007
 4.330E-0001, 2.96025E-0007
 4.320E-0001, 2.99076E-0007
 4.310E-0001, 2.99076E-0007
 4.300E-0001, 3.05180E-0007
 4.290E-0001, 3.05180E-0007
 4.280E-0001, 3.11284E-0007
 4.270E-0001, 3.11284E-0007
 4.260E-0001, 3.14335E-0007
 4.250E-0001, 3.20439E-0007
 4.240E-0001, 3.23491E-0007
 4.230E-0001, 3.26543E-0007
 4.220E-0001, 3.32646E-0007
 4.210E-0001, 3.35698E-0007
 4.200E-0001, 3.47905E-0007
 4.190E-0001, 3.47905E-0007
 4.180E-0001, 3.54009E-0007
 4.170E-0001, 3.54009E-0007
 4.160E-0001, 3.66216E-0007
 4.150E-0001, 3.69268E-0007
 4.140E-0001, 3.78423E-0007
 4.130E-0001, 3.78423E-0007
 4.120E-0001, 3.84527E-0007
 4.110E-0001, 3.90630E-0007
 4.100E-0001, 3.99786E-0007
 4.090E-0001, 4.05889E-0007
 4.080E-0001, 4.08941E-0007
 4.070E-0001, 4.18097E-0007
 4.060E-0001, 4.24200E-0007
 4.050E-0001, 4.39459E-0007
 4.040E-0001, 4.42511E-0007
 4.030E-0001, 4.51667E-0007
 4.020E-0001, 4.57770E-0007
 4.010E-0001, 4.69977E-0007
 4.000E-0001, 4.76081E-0007
 3.990E-0001, 4.88288E-0007
 3.980E-0001, 4.94392E-0007
 3.970E-0001, 5.09651E-0007
 3.960E-0001, 5.24910E-0007
 3.950E-0001, 5.34065E-0007
 3.940E-0001, 5.43221E-0007
 3.930E-0001, 5.55428E-0007
 3.920E-0001, 5.64583E-0007
 3.910E-0001, 5.79842E-0007
 3.900E-0001, 5.95101E-0007
 3.890E-0001, 6.10360E-0007
 3.880E-0001, 6.19516E-0007
 3.870E-0001, 6.34775E-0007
 3.860E-0001, 6.53086E-0007
 3.850E-0001, 6.68345E-0007
 3.840E-0001, 6.86655E-0007
 3.830E-0001, 7.04966E-0007
 3.820E-0001, 7.17174E-0007
 3.810E-0001, 7.32433E-0007
 3.800E-0001, 7.53795E-0007
 3.790E-0001, 7.72106E-0007
 3.780E-0001, 7.93469E-0007
 3.770E-0001, 8.11779E-0007
 3.760E-0001, 8.33142E-0007
 3.750E-0001, 8.57557E-0007
 3.740E-0001, 8.81971E-0007
 3.730E-0001, 9.06385E-0007
 3.720E-0001, 9.33852E-0007
 3.710E-0001, 9.55214E-0007
 3.700E-0001, 9.85732E-0007
 3.690E-0001, 1.01319E-0006
 3.680E-0001, 1.04066E-0006
 3.670E-0001, 1.07118E-0006
 3.660E-0001, 1.10170E-0006
 3.650E-0001, 1.13832E-0006
 3.640E-0001, 1.16884E-0006
 3.630E-0001, 1.20546E-0006
 3.620E-0001, 1.24513E-0006
 3.610E-0001, 1.27260E-0006
 3.600E-0001, 1.31227E-0006
 3.590E-0001, 1.35500E-0006
 3.580E-0001, 1.39772E-0006
 3.570E-0001, 1.44045E-0006
 3.560E-0001, 1.48622E-0006
 3.550E-0001, 1.54116E-0006
 3.540E-0001, 1.57473E-0006
 3.530E-0001, 1.62966E-0006
 3.520E-0001, 1.67849E-0006
 3.510E-0001, 1.72426E-0006
 3.500E-0001, 1.77920E-0006
 3.490E-0001, 1.83413E-0006
 3.480E-0001, 1.89822E-0006
 3.470E-0001, 1.95315E-0006
 3.460E-0001, 2.01419E-0006
 3.450E-0001, 2.08133E-0006
 3.440E-0001, 2.14236E-0006
 3.430E-0001, 2.20950E-0006
 3.420E-0001, 2.28580E-0006
 3.410E-0001, 2.36209E-0006
 3.400E-0001, 2.44144E-0006
 3.390E-0001, 2.51468E-0006
 3.380E-0001, 2.59403E-0006
 3.370E-0001, 2.67643E-0006
 3.360E-0001, 2.76493E-0006
 3.350E-0001, 2.85343E-0006
 3.340E-0001, 2.94804E-0006
 3.330E-0001, 3.03654E-0006
 3.320E-0001, 3.13420E-0006
 3.310E-0001, 3.23186E-0006
 3.300E-0001, 3.33562E-0006
 3.290E-0001, 3.44243E-0006
 3.280E-0001, 3.54924E-0006
 3.270E-0001, 3.66216E-0006
 3.260E-0001, 3.77508E-0006
 3.250E-0001, 3.90630E-0006
 3.240E-0001, 4.02532E-0006
 3.230E-0001, 4.14740E-0006
 3.220E-0001, 4.27862E-0006
 3.210E-0001, 4.41290E-0006
 3.200E-0001, 4.55329E-0006
 3.190E-0001, 4.69367E-0006
 3.180E-0001, 4.84016E-0006
 3.170E-0001, 4.98359E-0006
 3.160E-0001, 5.14229E-0006
 3.150E-0001, 5.30403E-0006
 3.140E-0001, 5.46578E-0006
 3.130E-0001, 5.63363E-0006
 3.120E-0001, 5.80453E-0006
 3.110E-0001, 5.98153E-0006
 3.100E-0001, 6.15854E-0006
 3.090E-0001, 6.34775E-0006
 3.080E-0001, 6.53696E-0006
 3.070E-0001, 6.73228E-0006
 3.060E-0001, 6.92149E-0006
 3.050E-0001, 7.13206E-0006
 3.040E-0001, 7.33958E-0006
 3.030E-0001, 7.55626E-0006
 3.020E-0001, 7.76684E-0006
 3.010E-0001, 7.98962E-0006
 3.000E-0001, 8.22156E-0006
 2.990E-0001, 8.44129E-0006
 2.980E-0001, 8.68543E-0006
 2.970E-0001, 8.92957E-0006
 2.960E-0001, 9.17982E-0006
 2.950E-0001, 9.42702E-0006
 2.940E-0001, 9.68032E-0006
 2.930E-0001, 9.94583E-0006
 2.920E-0001, 1.02113E-0005
 2.910E-0001, 1.04829E-0005
 2.900E-0001, 1.07545E-0005
 2.890E-0001, 1.10383E-0005
 2.880E-0001, 1.13160E-0005
 2.870E-0001, 1.16029E-0005
 2.860E-0001, 1.19050E-0005
 2.850E-0001, 1.21950E-0005
 2.840E-0001, 1.24971E-0005
 2.830E-0001, 1.27992E-0005
 2.820E-0001, 1.31074E-0005
 2.810E-0001, 1.34218E-0005
 2.800E-0001, 1.37361E-0005
 2.790E-0001, 1.40566E-0005
 2.780E-0001, 1.43801E-0005
 2.770E-0001, 1.46974E-0005
 2.760E-0001, 1.50301E-0005
 2.750E-0001, 1.53658E-0005
 2.740E-0001, 1.56984E-0005
 2.730E-0001, 1.60372E-0005
 2.720E-0001, 1.63759E-0005
 2.710E-0001, 1.67238E-0005
 2.700E-0001, 1.70687E-0005
 2.690E-0001, 1.74074E-0005
 2.680E-0001, 1.77584E-0005
 2.670E-0001, 1.81124E-0005
 2.660E-0001, 1.84603E-0005
 2.650E-0001, 1.88052E-0005
 2.640E-0001, 1.91622E-0005
 2.630E-0001, 1.95071E-0005
 2.620E-0001, 1.98611E-0005
 2.610E-0001, 2.02151E-0005
 2.600E-0001, 2.05691E-0005
 2.590E-0001, 2.09201E-0005
 2.580E-0001, 2.12771E-0005
 2.570E-0001, 2.16159E-0005
 2.560E-0001, 2.19729E-0005
 2.550E-0001, 2.23147E-0005
 2.540E-0001, 2.26535E-0005
 2.530E-0001, 2.30014E-0005
 2.520E-0001, 2.33432E-0005
 2.510E-0001, 2.36820E-0005
 2.500E-0001, 2.40085E-0005
 2.490E-0001, 2.43442E-0005
 2.480E-0001, 2.46768E-0005
 2.470E-0001, 2.50003E-0005
 2.460E-0001, 2.53086E-0005
 2.450E-0001, 2.56168E-0005
 2.440E-0001, 2.59250E-0005
 2.430E-0001, 2.62302E-0005
 2.420E-0001, 2.65323E-0005
 2.410E-0001, 2.68192E-0005
 2.400E-0001, 2.71122E-0005
 2.390E-0001, 2.73868E-0005
 2.380E-0001, 2.76707E-0005
 2.370E-0001, 2.79362E-0005
 2.360E-0001, 2.81925E-0005
 2.350E-0001, 2.84580E-0005
 2.340E-0001, 2.87113E-0005
 2.330E-0001, 2.89585E-0005
 2.320E-0001, 2.92057E-0005
 2.310E-0001, 2.94285E-0005
 2.300E-0001, 2.96543E-0005
 2.290E-0001, 2.98619E-0005
 2.280E-0001, 3.00663E-0005
 2.270E-0001, 3.02738E-0005
 2.260E-0001, 3.04570E-0005
 2.250E-0001, 3.06492E-0005
 2.240E-0001, 3.08262E-0005
 2.230E-0001, 3.09941E-0005
 2.220E-0001, 3.11619E-0005
 2.210E-0001, 3.13115E-0005
 2.200E-0001, 3.14641E-0005
 2.190E-0001, 3.16105E-0005
 2.180E-0001, 3.17326E-0005
 2.170E-0001, 3.18608E-0005
 2.160E-0001, 3.19798E-0005
 2.150E-0001, 3.20958E-0005
 2.140E-0001, 3.21934E-0005
 2.130E-0001, 3.22880E-0005
 2.120E-0001, 3.23704E-0005
 2.110E-0001, 3.24498E-0005
 2.100E-0001, 3.25200E-0005
 2.090E-0001, 3.25841E-0005
 2.080E-0001, 3.26512E-0005
 2.070E-0001, 3.26939E-0005
 2.060E-0001, 3.27428E-0005
 2.050E-0001, 3.27824E-0005
 2.040E-0001, 3.28130E-0005
 2.030E-0001, 3.28374E-0005
 2.020E-0001, 3.28526E-0005
 2.010E-0001, 3.28679E-0005
 2.000E-0001, 3.28740E-0005
 1.990E-0001, 3.28770E-0005
 1.980E-0001, 3.28709E-0005
 1.970E-0001, 3.28618E-0005
 1.960E-0001, 3.28465E-0005
 1.950E-0001, 3.28252E-0005
 1.940E-0001, 3.28007E-0005
 1.930E-0001, 3.27733E-0005
 1.920E-0001, 3.27367E-0005
 1.910E-0001, 3.26939E-0005
 1.900E-0001, 3.26573E-0005
 1.890E-0001, 3.26115E-0005
 1.880E-0001, 3.25566E-0005
 1.870E-0001, 3.24986E-0005
 1.860E-0001, 3.24406E-0005
 1.850E-0001, 3.23796E-0005
 1.840E-0001, 3.23186E-0005
 1.830E-0001, 3.22514E-0005
 1.820E-0001, 3.21812E-0005
 1.810E-0001, 3.21019E-0005
 1.800E-0001, 3.20286E-0005
 1.790E-0001, 3.19493E-0005
 1.780E-0001, 3.18730E-0005
 1.770E-0001, 3.17875E-0005
 1.760E-0001, 3.17021E-0005
 1.750E-0001, 3.16166E-0005
 1.740E-0001, 3.15281E-0005
 1.730E-0001, 3.14305E-0005
 1.720E-0001, 3.13420E-0005
 1.710E-0001, 3.12413E-0005
 1.700E-0001, 3.11497E-0005
 1.690E-0001, 3.10582E-0005
 1.680E-0001, 3.09636E-0005
 1.670E-0001, 3.08598E-0005
 1.660E-0001, 3.07652E-0005
 1.650E-0001, 3.06675E-0005
 1.640E-0001, 3.05668E-0005
 1.630E-0001, 3.04600E-0005
 1.620E-0001, 3.03593E-0005
 1.610E-0001, 3.02586E-0005
 1.600E-0001, 3.01579E-0005
 1.590E-0001, 3.00602E-0005
 1.580E-0001, 2.99565E-0005
 1.570E-0001, 2.98527E-0005
 1.560E-0001, 2.97520E-0005
 1.550E-0001, 2.96452E-0005
 1.540E-0001, 2.95445E-0005
 1.530E-0001, 2.94499E-0005
 1.520E-0001, 2.93369E-0005
 1.510E-0001, 2.92332E-0005
 1.500E-0001, 2.91325E-0005
 1.490E-0001, 2.90287E-0005
 1.480E-0001, 2.89280E-0005
 1.470E-0001, 2.88273E-0005
 1.460E-0001, 2.87296E-0005
 1.450E-0001, 2.86259E-0005
 1.440E-0001, 2.85313E-0005
 1.430E-0001, 2.84275E-0005
 1.420E-0001, 2.83268E-0005
 1.410E-0001, 2.82322E-0005
 1.400E-0001, 2.81315E-0005
 1.390E-0001, 2.80308E-0005
 1.380E-0001, 2.79453E-0005
 1.370E-0001, 2.78416E-0005
 1.360E-0001, 2.77470E-0005
 1.350E-0001, 2.76462E-0005
 1.340E-0001, 2.75577E-0005
 1.330E-0001, 2.74631E-0005
 1.320E-0001, 2.73655E-0005
 1.310E-0001, 2.72770E-0005
 1.300E-0001, 2.71793E-0005
 1.290E-0001, 2.70939E-0005
 1.280E-0001, 2.69962E-0005
 1.270E-0001, 2.69077E-0005
 1.260E-0001, 2.68253E-0005
 1.250E-0001, 2.67368E-0005
 1.240E-0001, 2.66483E-0005
 1.230E-0001, 2.65568E-0005
 1.220E-0001, 2.64744E-0005
 1.210E-0001, 2.63889E-0005
 1.200E-0001, 2.63035E-0005
 1.190E-0001, 2.62302E-0005
 1.180E-0001, 2.61387E-0005
 1.170E-0001, 2.60563E-0005
 1.160E-0001, 2.59800E-0005
 1.150E-0001, 2.58945E-0005
 1.140E-0001, 2.58152E-0005
 1.130E-0001, 2.57450E-0005
 1.120E-0001, 2.56656E-0005
 1.110E-0001, 2.55924E-0005
 1.100E-0001, 2.55100E-0005
 1.090E-0001, 2.54306E-0005
 1.080E-0001, 2.53604E-0005
 1.070E-0001, 2.52811E-0005
 1.060E-0001, 2.52048E-0005
 1.050E-0001, 2.51377E-0005
 1.040E-0001, 2.50675E-0005
 1.030E-0001, 2.49912E-0005
 1.020E-0001, 2.49240E-0005
 1.010E-0001, 2.48599E-0005
 1.000E-0001, 2.47837E-0005
 9.900E-0002, 2.47135E-0005
 9.800E-0002, 2.46494E-0005
 9.700E-0002, 2.45792E-0005
 9.600E-0002, 2.45151E-0005
 9.500E-0002, 2.44449E-0005
 9.400E-0002, 2.43808E-0005
 9.300E-0002, 2.43106E-0005
 9.200E-0002, 2.42557E-0005
 9.100E-0002, 2.41886E-0005
 9.000E-0002, 2.41275E-0005
 8.900E-0002, 2.40634E-0005
 8.800E-0002, 2.40024E-0005
 8.700E-0002, 2.39414E-0005
 8.600E-0002, 2.38803E-0005
 8.500E-0002, 2.38223E-0005
 8.400E-0002, 2.37613E-0005
 8.300E-0002, 2.36972E-0005
 8.200E-0002, 2.36484E-0005
 8.100E-0002, 2.35904E-0005
 8.000E-0002, 2.35294E-0005
 7.900E-0002, 2.34714E-0005
 7.800E-0002, 2.34256E-0005
 7.700E-0002, 2.33676E-0005
 7.600E-0002, 2.33188E-0005
 7.500E-0002, 2.32578E-0005
 7.400E-0002, 2.32028E-0005
 7.300E-0002, 2.31540E-0005
 7.200E-0002, 2.30960E-0005
 7.100E-0002, 2.30472E-0005
 7.000E-0002, 2.29953E-0005
 6.900E-0002, 2.29434E-0005
 6.800E-0002, 2.28915E-0005
 6.700E-0002, 2.28458E-0005
 6.600E-0002, 2.27939E-0005
 6.500E-0002, 2.27481E-0005
 6.400E-0002, 2.26962E-0005
 6.300E-0002, 2.26474E-0005
 6.200E-0002, 2.26047E-0005
 6.100E-0002, 2.25528E-0005
 6.000E-0002, 2.25131E-0005
 5.900E-0002, 2.24643E-0005
 5.800E-0002, 2.24124E-0005
 5.700E-0002, 2.23697E-0005
 5.600E-0002, 2.23300E-0005
 5.500E-0002, 2.22873E-0005
 5.400E-0002, 2.22446E-0005
 5.300E-0002, 2.21988E-0005
 5.200E-0002, 2.21530E-0005
 5.100E-0002, 2.21164E-0005
 5.000E-0002, 2.20675E-0005
 4.900E-0002, 2.20248E-0005
 4.800E-0002, 2.19882E-0005
 4.700E-0002, 2.19455E-0005
 4.600E-0002, 2.19058E-0005
 4.500E-0002, 2.18631E-0005
 4.400E-0002, 2.18295E-0005
 4.300E-0002, 2.17898E-0005
 4.200E-0002, 2.17502E-0005
 4.100E-0002, 2.17166E-0005
 4.000E-0002, 2.16800E-0005
 3.900E-0002, 2.16372E-0005
 3.800E-0002, 2.16006E-0005
 3.700E-0002, 2.15671E-0005
 3.600E-0002, 2.15335E-0005
 3.500E-0002, 2.14969E-0005
 3.400E-0002, 2.14602E-0005
 3.300E-0002, 2.14236E-0005
 3.200E-0002, 2.13931E-0005
 3.100E-0002, 2.13504E-0005
 3.000E-0002, 2.13168E-0005
 2.900E-0002, 2.12893E-0005
 2.800E-0002, 2.12497E-0005
 2.700E-0002, 2.12222E-0005
 2.600E-0002, 2.11886E-0005
 2.500E-0002, 2.11490E-0005
 2.400E-0002, 2.11154E-0005
 2.300E-0002, 2.10940E-0005
 2.200E-0002, 2.10574E-0005
 2.100E-0002, 2.10299E-0005
 2.000E-0002, 2.09964E-0005
 1.900E-0002, 2.09658E-0005
 1.800E-0002, 2.09323E-0005
 1.700E-0002, 2.09109E-0005
 1.600E-0002, 2.08773E-0005
 1.500E-0002, 2.08499E-0005
 1.400E-0002, 2.08194E-0005
 1.300E-0002, 2.07949E-0005
 1.200E-0002, 2.07614E-0005
 1.100E-0002, 2.07400E-0005
 1.000E-0002, 2.07064E-0005
 9.000E-0003, 2.06851E-0005
 8.000E-0003, 2.06576E-0005
 7.000E-0003, 2.06301E-0005
 6.000E-0003, 2.06057E-0005
 5.000E-0003, 2.05722E-0005
 4.000E-0003, 2.05569E-0005
 3.000E-0003, 2.05233E-0005
 2.000E-0003, 2.04989E-0005
 1.000E-0003, 2.04806E-0005
 0.000E+0000, 2.04501E-0005
-1.000E-0003, 2.04318E-0005
-2.000E-0003, 2.04104E-0005
-3.000E-0003, 2.03799E-0005
-4.000E-0003, 2.03616E-0005
-5.000E-0003, 2.03372E-0005
-6.000E-0003, 2.03189E-0005
-7.000E-0003, 2.02944E-0005
-8.000E-0003, 2.02700E-0005
-9.000E-0003, 2.02487E-0005
-1.000E-0002, 2.02334E-0005
-1.100E-0002, 2.02090E-0005
-1.200E-0002, 2.01907E-0005
-1.300E-0002, 2.01693E-0005
-1.400E-0002, 2.01419E-0005
-1.500E-0002, 2.01266E-0005
-1.600E-0002, 2.01113E-0005
-1.700E-0002, 2.00869E-0005
-1.800E-0002, 2.00717E-0005
-1.900E-0002, 2.00503E-0005
-2.000E-0002, 2.00320E-0005
-2.100E-0002, 2.00198E-0005
-2.200E-0002, 2.00015E-0005
-2.300E-0002, 1.99832E-0005
-2.400E-0002, 1.99588E-0005
-2.500E-0002, 1.99435E-0005
-2.600E-0002, 1.99252E-0005
-2.700E-0002, 1.99130E-0005
-2.800E-0002, 1.98916E-0005
-2.900E-0002, 1.98702E-0005
-3.000E-0002, 1.98672E-0005
-3.100E-0002, 1.98489E-0005
-3.200E-0002, 1.98336E-0005
-3.300E-0002, 1.98184E-0005
-3.400E-0002, 1.98062E-0005
-3.500E-0002, 1.97940E-0005
-3.600E-0002, 1.97726E-0005
-3.700E-0002, 1.97634E-0005
-3.800E-0002, 1.97451E-0005
-3.900E-0002, 1.97329E-0005
-4.000E-0002, 1.97177E-0005
-4.100E-0002, 1.97116E-0005
-4.200E-0002, 1.96963E-0005
-4.300E-0002, 1.96780E-0005
-4.400E-0002, 1.96658E-0005
-4.500E-0002, 1.96566E-0005
-4.600E-0002, 1.96383E-0005
-4.700E-0002, 1.96353E-0005
-4.800E-0002, 1.96231E-0005
-4.900E-0002, 1.96078E-0005
-5.000E-0002, 1.95986E-0005
-5.100E-0002, 1.95895E-0005
-5.200E-0002, 1.95834E-0005
-5.300E-0002, 1.95712E-0005
-5.400E-0002, 1.95590E-0005
-5.500E-0002, 1.95498E-0005
-5.600E-0002, 1.95376E-0005
-5.700E-0002, 1.95315E-0005
-5.800E-0002, 1.95193E-0005
-5.900E-0002, 1.95071E-0005
-6.000E-0002, 1.94979E-0005
-6.100E-0002, 1.94979E-0005
-6.200E-0002, 1.94857E-0005
-6.300E-0002, 1.94827E-0005
-6.400E-0002, 1.94766E-0005
-6.500E-0002, 1.94613E-0005
-6.600E-0002, 1.94552E-0005
-6.700E-0002, 1.94491E-0005
-6.800E-0002, 1.94369E-0005
-6.900E-0002, 1.94277E-0005
-7.000E-0002, 1.94216E-0005
-7.100E-0002, 1.94155E-0005
-7.200E-0002, 1.94064E-0005
-7.300E-0002, 1.94033E-0005
-7.400E-0002, 1.94003E-0005
-7.500E-0002, 1.93942E-0005
-7.600E-0002, 1.93850E-0005
-7.700E-0002, 1.93789E-0005
-7.800E-0002, 1.93698E-0005
-7.900E-0002, 1.93636E-0005
-8.000E-0002, 1.93545E-0005
-8.100E-0002, 1.93545E-0005
-8.200E-0002, 1.93484E-0005
-8.300E-0002, 1.93484E-0005
-8.400E-0002, 1.93423E-0005
-8.500E-0002, 1.93331E-0005
-8.600E-0002, 1.93301E-0005
-8.700E-0002, 1.93270E-0005
-8.800E-0002, 1.93209E-0005
-8.900E-0002, 1.93148E-0005
-9.000E-0002, 1.93118E-0005
-9.100E-0002, 1.92996E-0005
-9.200E-0002, 1.93026E-0005
-9.300E-0002, 1.92965E-0005
-9.400E-0002, 1.92874E-0005
-9.500E-0002, 1.92874E-0005
-9.600E-0002, 1.92874E-0005
-9.700E-0002, 1.92813E-0005
-9.800E-0002, 1.92751E-0005
-9.900E-0002, 1.92721E-0005
-1.000E-0001, 1.92629E-0005
-1.010E-0001, 1.92660E-0005
-1.020E-0001, 1.92538E-0005
-1.030E-0001, 1.92568E-0005
-1.040E-0001, 1.92538E-0005
-1.050E-0001, 1.92477E-0005
-1.060E-0001, 1.92477E-0005
-1.070E-0001, 1.92446E-0005
-1.080E-0001, 1.92385E-0005
-1.090E-0001, 1.92355E-0005
-1.100E-0001, 1.92355E-0005
-1.110E-0001, 1.92233E-0005
-1.120E-0001, 1.92294E-0005
-1.130E-0001, 1.92172E-0005
-1.140E-0001, 1.92172E-0005
-1.150E-0001, 1.92111E-0005
-1.160E-0001, 1.92080E-0005
-1.170E-0001, 1.92050E-0005
-1.180E-0001, 1.91989E-0005
-1.190E-0001, 1.91958E-0005
-1.200E-0001, 1.91958E-0005
-1.190E-0001, 1.91805E-0005
-1.180E-0001, 1.91592E-0005
-1.170E-0001, 1.91103E-0005
-1.160E-0001, 1.90554E-0005
-1.150E-0001, 1.89944E-0005
-1.140E-0001, 1.89272E-0005
-1.130E-0001, 1.88601E-0005
-1.120E-0001, 1.87838E-0005
-1.110E-0001, 1.87167E-0005
-1.100E-0001, 1.86556E-0005
-1.090E-0001, 1.85793E-0005
-1.080E-0001, 1.85214E-0005
-1.070E-0001, 1.84603E-0005
-1.060E-0001, 1.83993E-0005
-1.050E-0001, 1.83352E-0005
-1.040E-0001, 1.82772E-0005
-1.030E-0001, 1.82223E-0005
-1.020E-0001, 1.81673E-0005
-1.010E-0001, 1.81124E-0005
-1.000E-0001, 1.80666E-0005
-9.900E-0002, 1.80117E-0005
-9.800E-0002, 1.79690E-0005
-9.700E-0002, 1.79079E-0005
-9.600E-0002, 1.78652E-0005
-9.500E-0002, 1.78164E-0005
-9.400E-0002, 1.77676E-0005
-9.300E-0002, 1.77248E-0005
-9.200E-0002, 1.76821E-0005
-9.100E-0002, 1.76394E-0005
-9.000E-0002, 1.75875E-0005
-8.900E-0002, 1.75448E-0005
-8.800E-0002, 1.75051E-0005
-8.700E-0002, 1.74593E-0005
-8.600E-0002, 1.74196E-0005
-8.500E-0002, 1.73739E-0005
-8.400E-0002, 1.73342E-0005
-8.300E-0002, 1.72945E-0005
-8.200E-0002, 1.72610E-0005
-8.100E-0002, 1.72121E-0005
-8.000E-0002, 1.71786E-0005
-7.900E-0002, 1.71419E-0005
-7.800E-0002, 1.71023E-0005
-7.700E-0002, 1.70656E-0005
-7.600E-0002, 1.70229E-0005
-7.500E-0002, 1.69924E-0005
-7.400E-0002, 1.69558E-0005
-7.300E-0002, 1.69192E-0005
-7.200E-0002, 1.68734E-0005
-7.100E-0002, 1.68429E-0005
-7.000E-0002, 1.68062E-0005
-6.900E-0002, 1.67696E-0005
-6.800E-0002, 1.67391E-0005
-6.700E-0002, 1.67055E-0005
-6.600E-0002, 1.66689E-0005
-6.500E-0002, 1.66353E-0005
-6.400E-0002, 1.66018E-0005
-6.300E-0002, 1.65682E-0005
-6.200E-0002, 1.65407E-0005
-6.100E-0002, 1.65041E-0005
-6.000E-0002, 1.64797E-0005
-5.900E-0002, 1.64370E-0005
-5.800E-0002, 1.64126E-0005
-5.700E-0002, 1.63759E-0005
-5.600E-0002, 1.63454E-0005
-5.500E-0002, 1.63149E-0005
-5.400E-0002, 1.62874E-0005
-5.300E-0002, 1.62508E-0005
-5.200E-0002, 1.62264E-0005
-5.100E-0002, 1.61898E-0005
-5.000E-0002, 1.61654E-0005
-4.900E-0002, 1.61318E-0005
-4.800E-0002, 1.61043E-0005
-4.700E-0002, 1.60708E-0005
-4.600E-0002, 1.60433E-0005
-4.500E-0002, 1.60128E-0005
-4.400E-0002, 1.59884E-0005
-4.300E-0002, 1.59609E-0005
-4.200E-0002, 1.59273E-0005
-4.100E-0002, 1.58999E-0005
-4.000E-0002, 1.58724E-0005
-3.900E-0002, 1.58480E-0005
-3.800E-0002, 1.58144E-0005
-3.700E-0002, 1.57900E-0005
-3.600E-0002, 1.57595E-0005
-3.500E-0002, 1.57381E-0005
-3.400E-0002, 1.57015E-0005
-3.300E-0002, 1.56771E-0005
-3.200E-0002, 1.56527E-0005
-3.100E-0002, 1.56313E-0005
-3.000E-0002, 1.56130E-0005
-2.900E-0002, 1.55794E-0005
-2.800E-0002, 1.55580E-0005
-2.700E-0002, 1.55336E-0005
-2.600E-0002, 1.55031E-0005
-2.500E-0002, 1.54787E-0005
-2.400E-0002, 1.54543E-0005
-2.300E-0002, 1.54329E-0005
-2.200E-0002, 1.54055E-0005
-2.100E-0002, 1.53810E-0005
-2.000E-0002, 1.53597E-0005
-1.900E-0002, 1.53353E-0005
-1.800E-0002, 1.53078E-0005
-1.700E-0002, 1.52834E-0005
-1.600E-0002, 1.52620E-0005
-1.500E-0002, 1.52376E-0005
-1.400E-0002, 1.52132E-0005
-1.300E-0002, 1.51949E-0005
-1.200E-0002, 1.51705E-0005
-1.100E-0002, 1.51400E-0005
-1.000E-0002, 1.51216E-0005
-9.000E-0003, 1.50942E-0005
-8.000E-0003, 1.50698E-0005
-7.000E-0003, 1.50545E-0005
-6.000E-0003, 1.50301E-0005
-5.000E-0003, 1.50057E-0005
-4.000E-0003, 1.49874E-0005
-3.000E-0003, 1.49599E-0005
-2.000E-0003, 1.49416E-0005
-1.000E-0003, 1.49202E-0005
 0.000E+0000, 1.48958E-0005
 1.000E-0003, 1.48775E-0005
 2.000E-0003, 1.48470E-0005
 3.000E-0003, 1.48287E-0005
 4.000E-0003, 1.48104E-0005
 5.000E-0003, 1.47859E-0005
 6.000E-0003, 1.47707E-0005
 7.000E-0003, 1.47432E-0005
 8.000E-0003, 1.47280E-0005
 9.000E-0003, 1.47035E-0005
 1.000E-0002, 1.46822E-0005
 1.100E-0002, 1.46669E-0005
 1.200E-0002, 1.46425E-0005
 1.300E-0002, 1.46211E-0005
 1.400E-0002, 1.46028E-0005
 1.500E-0002, 1.45784E-0005
 1.600E-0002, 1.45571E-0005
 1.700E-0002, 1.45418E-0005
 1.800E-0002, 1.45235E-0005
 1.900E-0002, 1.45052E-0005
 2.000E-0002, 1.44808E-0005
 2.100E-0002, 1.44625E-0005
 2.200E-0002, 1.44441E-0005
 2.300E-0002, 1.44258E-0005
 2.400E-0002, 1.44106E-0005
 2.500E-0002, 1.43831E-0005
 2.600E-0002, 1.43617E-0005
 2.700E-0002, 1.43465E-0005
 2.800E-0002, 1.43251E-0005
 2.900E-0002, 1.43068E-0005
 3.000E-0002, 1.42854E-0005
 3.100E-0002, 1.42702E-0005
 3.200E-0002, 1.42519E-0005
 3.300E-0002, 1.42305E-0005
 3.400E-0002, 1.42153E-0005
 3.500E-0002, 1.41908E-0005
 3.600E-0002, 1.41756E-0005
 3.700E-0002, 1.41512E-0005
 3.800E-0002, 1.41329E-0005
 3.900E-0002, 1.41145E-0005
 4.000E-0002, 1.40932E-0005
 4.100E-0002, 1.40840E-0005
 4.200E-0002, 1.40596E-0005
 4.300E-0002, 1.40444E-0005
 4.400E-0002, 1.40260E-0005
 4.500E-0002, 1.40016E-0005
 4.600E-0002, 1.39803E-0005
 4.700E-0002, 1.39681E-0005
 4.800E-0002, 1.39497E-0005
 4.900E-0002, 1.39345E-0005
 5.000E-0002, 1.39131E-0005
 5.100E-0002, 1.38979E-0005
 5.200E-0002, 1.38735E-0005
 5.300E-0002, 1.38612E-0005
 5.400E-0002, 1.38399E-0005
 5.500E-0002, 1.38246E-0005
 5.600E-0002, 1.38063E-0005
 5.700E-0002, 1.37819E-0005
 5.800E-0002, 1.37666E-0005
 5.900E-0002, 1.37453E-0005
 6.000E-0002, 1.37270E-0005
 6.100E-0002, 1.37087E-0005
 6.200E-0002, 1.36934E-0005
 6.300E-0002, 1.36720E-0005
 6.400E-0002, 1.36568E-0005
 6.500E-0002, 1.36385E-0005
 6.600E-0002, 1.36232E-0005
 6.700E-0002, 1.35988E-0005
 6.800E-0002, 1.35835E-0005
 6.900E-0002, 1.35652E-0005
 7.000E-0002, 1.35500E-0005
 7.100E-0002, 1.35286E-0005
 7.200E-0002, 1.35042E-0005
 7.300E-0002, 1.34859E-0005
 7.400E-0002, 1.34706E-0005
 7.500E-0002, 1.34462E-0005
 7.600E-0002, 1.34309E-0005
 7.700E-0002, 1.34126E-0005
 7.800E-0002, 1.33974E-0005
 7.900E-0002, 1.33730E-0005
 8.000E-0002, 1.33516E-0005
 8.100E-0002, 1.33394E-0005
 8.200E-0002, 1.33211E-0005
 8.300E-0002, 1.32997E-0005
 8.400E-0002, 1.32845E-0005
 8.500E-0002, 1.32570E-0005
 8.600E-0002, 1.32417E-0005
 8.700E-0002, 1.32234E-0005
 8.800E-0002, 1.32051E-0005
 8.900E-0002, 1.31807E-0005
 9.000E-0002, 1.31593E-0005
 9.100E-0002, 1.31410E-0005
 9.200E-0002, 1.31197E-0005
 9.300E-0002, 1.30983E-0005
 9.400E-0002, 1.30769E-0005
 9.500E-0002, 1.30586E-0005
 9.600E-0002, 1.30403E-0005
 9.700E-0002, 1.30251E-0005
 9.800E-0002, 1.29976E-0005
 9.900E-0002, 1.29732E-0005
 1.000E-0001, 1.29518E-0005
 1.010E-0001, 1.29335E-0005
 1.020E-0001, 1.29030E-0005
 1.030E-0001, 1.28816E-0005
 1.040E-0001, 1.28603E-0005
 1.050E-0001, 1.28450E-0005
 1.060E-0001, 1.28206E-0005
 1.070E-0001, 1.28023E-0005
 1.080E-0001, 1.27748E-0005
 1.090E-0001, 1.27473E-0005
 1.100E-0001, 1.27229E-0005
 1.110E-0001, 1.27046E-0005
 1.120E-0001, 1.26771E-0005
 1.130E-0001, 1.26588E-0005
 1.140E-0001, 1.26314E-0005
 1.150E-0001, 1.26100E-0005
 1.160E-0001, 1.25734E-0005
 1.170E-0001, 1.25581E-0005
 1.180E-0001, 1.25307E-0005
 1.190E-0001, 1.25001E-0005
 1.200E-0001, 1.24818E-0005
 1.210E-0001, 1.24544E-0005
 1.220E-0001, 1.24208E-0005
 1.230E-0001, 1.23903E-0005
 1.240E-0001, 1.23598E-0005
 1.250E-0001, 1.23384E-0005
 1.260E-0001, 1.23079E-0005
 1.270E-0001, 1.22713E-0005
 1.280E-0001, 1.22468E-0005
 1.290E-0001, 1.22194E-0005
 1.300E-0001, 1.21766E-0005
 1.310E-0001, 1.21461E-0005
 1.320E-0001, 1.21187E-0005
 1.330E-0001, 1.20851E-0005
 1.340E-0001, 1.20485E-0005
 1.350E-0001, 1.20149E-0005
 1.360E-0001, 1.19813E-0005
 1.370E-0001, 1.19417E-0005
 1.380E-0001, 1.19111E-0005
 1.390E-0001, 1.18715E-0005
 1.400E-0001, 1.18318E-0005
 1.410E-0001, 1.17952E-0005
 1.420E-0001, 1.17524E-0005
 1.430E-0001, 1.17189E-0005
 1.440E-0001, 1.16762E-0005
 1.450E-0001, 1.16334E-0005
 1.460E-0001, 1.15907E-0005
 1.470E-0001, 1.15480E-0005
 1.480E-0001, 1.15022E-0005
 1.490E-0001, 1.14503E-0005
 1.500E-0001, 1.14076E-0005
 1.510E-0001, 1.13588E-0005
 1.520E-0001, 1.13130E-0005
 1.530E-0001, 1.12581E-0005
 1.540E-0001, 1.12092E-0005
 1.550E-0001, 1.11512E-0005
 1.560E-0001, 1.10994E-0005
 1.570E-0001, 1.10444E-0005
 1.580E-0001, 1.09864E-0005
 1.590E-0001, 1.09285E-0005
 1.600E-0001, 1.08705E-0005
 1.610E-0001, 1.08064E-0005
 1.620E-0001, 1.07454E-0005
 1.630E-0001, 1.06813E-0005
 1.640E-0001, 1.06141E-0005
 1.650E-0001, 1.05409E-0005
 1.660E-0001, 1.04737E-0005
 1.670E-0001, 1.04066E-0005
 1.680E-0001, 1.03303E-0005
 1.690E-0001, 1.02571E-0005
 1.700E-0001, 1.01808E-0005
 1.710E-0001, 1.00953E-0005
 1.720E-0001, 1.00221E-0005
 1.730E-0001, 9.93057E-0006
 1.740E-0001, 9.84206E-0006
 1.750E-0001, 9.76577E-0006
 1.760E-0001, 9.67421E-0006
 1.770E-0001, 9.57656E-0006
 1.780E-0001, 9.48500E-0006
 1.790E-0001, 9.39040E-0006
 1.800E-0001, 9.28969E-0006
 1.810E-0001, 9.18898E-0006
 1.820E-0001, 9.08216E-0006
 1.830E-0001, 8.97535E-0006
 1.840E-0001, 8.86549E-0006
 1.850E-0001, 8.75257E-0006
 1.860E-0001, 8.63050E-0006
 1.870E-0001, 8.51148E-0006
 1.880E-0001, 8.39246E-0006
 1.890E-0001, 8.26428E-0006
 1.900E-0001, 8.13305E-0006
 1.910E-0001, 8.00488E-0006
 1.920E-0001, 7.86449E-0006
 1.930E-0001, 7.73022E-0006
 1.940E-0001, 7.58678E-0006
 1.950E-0001, 7.43419E-0006
 1.960E-0001, 7.29076E-0006
 1.970E-0001, 7.14122E-0006
 1.980E-0001, 6.97642E-0006
 1.990E-0001, 6.82383E-0006
 2.000E-0001, 6.65293E-0006
 2.010E-0001, 6.47592E-0006
 2.020E-0001, 6.31113E-0006
 2.030E-0001, 6.13107E-0006
 2.040E-0001, 5.94491E-0006
 2.050E-0001, 5.76485E-0006
 2.060E-0001, 5.57259E-0006
 2.070E-0001, 5.38033E-0006
 2.080E-0001, 5.17891E-0006
 2.090E-0001, 4.97444E-0006
 2.100E-0001, 4.77302E-0006
 2.110E-0001, 4.55634E-0006
 2.120E-0001, 4.33966E-0006
 2.130E-0001, 4.11993E-0006
 2.140E-0001, 3.88494E-0006
 2.150E-0001, 3.65300E-0006
 2.160E-0001, 3.42412E-0006
 2.170E-0001, 3.17998E-0006
 2.180E-0001, 2.94499E-0006
 2.190E-0001, 2.68863E-0006
 2.200E-0001, 2.44144E-0006
 2.210E-0001, 2.17593E-0006
 2.220E-0001, 1.91348E-0006
 2.230E-0001, 1.64797E-0006
 2.240E-0001, 1.37331E-0006
 2.250E-0001, 1.09254E-0006
 2.260E-0001, 8.11779E-0007
 2.270E-0001, 5.31013E-0007
 2.280E-0001, 2.44144E-0007
 2.290E-0001,-5.79842E-0008
 2.300E-0001,-3.54009E-0007
 2.310E-0001,-6.59189E-0007
 2.320E-0001,-9.64370E-0007
 2.330E-0001,-1.27870E-0006
 2.340E-0001,-1.59304E-0006
 2.350E-0001,-1.91042E-0006
 2.360E-0001,-2.23392E-0006
 2.370E-0001,-2.56656E-0006
 2.380E-0001,-2.88700E-0006
 2.390E-0001,-3.21965E-0006
 2.400E-0001,-3.55840E-0006
 2.410E-0001,-3.89715E-0006
 2.420E-0001,-4.23590E-0006
 2.430E-0001,-4.58381E-0006
 2.440E-0001,-4.92561E-0006
 2.450E-0001,-5.27656E-0006
 2.460E-0001,-5.62752E-0006
 2.470E-0001,-5.97848E-0006
 2.480E-0001,-6.33249E-0006
 2.490E-0001,-6.68955E-0006
 2.500E-0001,-7.04966E-0006
 2.510E-0001,-7.40672E-0006
 2.520E-0001,-7.76379E-0006
 2.530E-0001,-8.12695E-0006
 2.540E-0001,-8.48096E-0006
 2.550E-0001,-8.84718E-0006
 2.560E-0001,-9.20119E-0006
 2.570E-0001,-9.55214E-0006
 2.580E-0001,-9.91531E-0006
 2.590E-0001,-1.02723E-0005
 2.600E-0001,-1.06233E-0005
 2.610E-0001,-1.09773E-0005
 2.620E-0001,-1.13252E-0005
 2.630E-0001,-1.16731E-0005
 2.640E-0001,-1.20241E-0005
 2.650E-0001,-1.23628E-0005
 2.660E-0001,-1.26955E-0005
 2.670E-0001,-1.30312E-0005
 2.680E-0001,-1.33638E-0005
 2.690E-0001,-1.36934E-0005
 2.700E-0001,-1.40169E-0005
 2.710E-0001,-1.43373E-0005
 2.720E-0001,-1.46547E-0005
 2.730E-0001,-1.49629E-0005
 2.740E-0001,-1.52651E-0005
 2.750E-0001,-1.55672E-0005
 2.760E-0001,-1.58571E-0005
 2.770E-0001,-1.61470E-0005
 2.780E-0001,-1.64339E-0005
 2.790E-0001,-1.67086E-0005
 2.800E-0001,-1.69802E-0005
 2.810E-0001,-1.72426E-0005
 2.820E-0001,-1.74929E-0005
 2.830E-0001,-1.77492E-0005
 2.840E-0001,-1.79873E-0005
 2.850E-0001,-1.82131E-0005
 2.860E-0001,-1.84359E-0005
 2.870E-0001,-1.86495E-0005
 2.880E-0001,-1.88693E-0005
 2.890E-0001,-1.90737E-0005
 2.900E-0001,-1.92690E-0005
 2.910E-0001,-1.94522E-0005
 2.920E-0001,-1.96353E-0005
 2.930E-0001,-1.98092E-0005
 2.940E-0001,-1.99679E-0005
 2.950E-0001,-2.01174E-0005
 2.960E-0001,-2.02670E-0005
 2.970E-0001,-2.03982E-0005
 2.980E-0001,-2.05355E-0005
 2.990E-0001,-2.06637E-0005
 3.000E-0001,-2.07705E-0005
 3.010E-0001,-2.08804E-0005
 3.020E-0001,-2.09719E-0005
 3.030E-0001,-2.10666E-0005
 3.040E-0001,-2.11520E-0005
 3.050E-0001,-2.12191E-0005
 3.060E-0001,-2.12832E-0005
 3.070E-0001,-2.13473E-0005
 3.080E-0001,-2.13900E-0005
 3.090E-0001,-2.14419E-0005
 3.100E-0001,-2.14755E-0005
 3.110E-0001,-2.15060E-0005
 3.120E-0001,-2.15243E-0005
 3.130E-0001,-2.15396E-0005
 3.140E-0001,-2.15518E-0005
 3.150E-0001,-2.15518E-0005
 3.160E-0001,-2.15426E-0005
 3.170E-0001,-2.15396E-0005
 3.180E-0001,-2.15213E-0005
 3.190E-0001,-2.14999E-0005
 3.200E-0001,-2.14694E-0005
 3.210E-0001,-2.14358E-0005
 3.220E-0001,-2.14023E-0005
 3.230E-0001,-2.13565E-0005
 3.240E-0001,-2.13138E-0005
 3.250E-0001,-2.12558E-0005
 3.260E-0001,-2.11978E-0005
 3.270E-0001,-2.11398E-0005
 3.280E-0001,-2.10696E-0005
 3.290E-0001,-2.09994E-0005
 3.300E-0001,-2.09292E-0005
 3.310E-0001,-2.08529E-0005
 3.320E-0001,-2.07675E-0005
 3.330E-0001,-2.06790E-0005
 3.340E-0001,-2.05905E-0005
 3.350E-0001,-2.05020E-0005
 3.360E-0001,-2.04074E-0005
 3.370E-0001,-2.03128E-0005
 3.380E-0001,-2.02151E-0005
 3.390E-0001,-2.01205E-0005
 3.400E-0001,-2.00076E-0005
 3.410E-0001,-1.99130E-0005
 3.420E-0001,-1.97970E-0005
 3.430E-0001,-1.96932E-0005
 3.440E-0001,-1.95834E-0005
 3.450E-0001,-1.94644E-0005
 3.460E-0001,-1.93575E-0005
 3.470E-0001,-1.92355E-0005
 3.480E-0001,-1.91256E-0005
 3.490E-0001,-1.90096E-0005
 3.500E-0001,-1.88906E-0005
 3.510E-0001,-1.87747E-0005
 3.520E-0001,-1.86587E-0005
 3.530E-0001,-1.85427E-0005
 3.540E-0001,-1.84176E-0005
 3.550E-0001,-1.82986E-0005
 3.560E-0001,-1.81795E-0005
 3.570E-0001,-1.80544E-0005
 3.580E-0001,-1.79446E-0005
 3.590E-0001,-1.78194E-0005
 3.600E-0001,-1.76974E-0005
 3.610E-0001,-1.75783E-0005
 3.620E-0001,-1.74563E-0005
 3.630E-0001,-1.73373E-0005
 3.640E-0001,-1.72121E-0005
 3.650E-0001,-1.70931E-0005
 3.660E-0001,-1.69741E-0005
 3.670E-0001,-1.68581E-0005
 3.680E-0001,-1.67360E-0005
 3.690E-0001,-1.66231E-0005
 3.700E-0001,-1.65011E-0005
 3.710E-0001,-1.63820E-0005
 3.720E-0001,-1.62691E-0005
 3.730E-0001,-1.61470E-0005
 3.740E-0001,-1.60372E-0005
 3.750E-0001,-1.59151E-0005
 3.760E-0001,-1.58052E-0005
 3.770E-0001,-1.56862E-0005
 3.780E-0001,-1.55794E-0005
 3.790E-0001,-1.54726E-0005
 3.800E-0001,-1.53658E-0005
 3.810E-0001,-1.52559E-0005
 3.820E-0001,-1.51430E-0005
 3.830E-0001,-1.50270E-0005
 3.840E-0001,-1.49233E-0005
 3.850E-0001,-1.48165E-0005
 3.860E-0001,-1.47066E-0005
 3.870E-0001,-1.46059E-0005
 3.880E-0001,-1.45021E-0005
 3.890E-0001,-1.43984E-0005
 3.900E-0001,-1.42977E-0005
 3.910E-0001,-1.41908E-0005
 3.920E-0001,-1.40932E-0005
 3.930E-0001,-1.39955E-0005
 3.940E-0001,-1.38948E-0005
 3.950E-0001,-1.37972E-0005
 3.960E-0001,-1.36995E-0005
 3.970E-0001,-1.36079E-0005
 3.980E-0001,-1.35072E-0005
 3.990E-0001,-1.34157E-0005
 4.000E-0001,-1.33241E-0005
 4.010E-0001,-1.32295E-0005
 4.020E-0001,-1.31410E-0005
 4.030E-0001,-1.30495E-0005
 4.040E-0001,-1.29579E-0005
 4.050E-0001,-1.28694E-0005
 4.060E-0001,-1.27840E-0005
 4.070E-0001,-1.26894E-0005
 4.080E-0001,-1.26100E-0005
 4.090E-0001,-1.25276E-0005
 4.100E-0001,-1.24422E-0005
 4.110E-0001,-1.23598E-0005
 4.120E-0001,-1.22774E-0005
 4.130E-0001,-1.21858E-0005
 4.140E-0001,-1.21095E-0005
 4.150E-0001,-1.20332E-0005
 4.160E-0001,-1.19508E-0005
 4.170E-0001,-1.18745E-0005
 4.180E-0001,-1.17952E-0005
 4.190E-0001,-1.17097E-0005
 4.200E-0001,-1.16426E-0005
 4.210E-0001,-1.15663E-0005
 4.220E-0001,-1.14900E-0005
 4.230E-0001,-1.14198E-0005
 4.240E-0001,-1.13466E-0005
 4.250E-0001,-1.12733E-0005
 4.260E-0001,-1.12001E-0005
 4.270E-0001,-1.11268E-0005
 4.280E-0001,-1.10566E-0005
 4.290E-0001,-1.09834E-0005
 4.300E-0001,-1.09193E-0005
 4.310E-0001,-1.08522E-0005
 4.320E-0001,-1.07850E-0005
 4.330E-0001,-1.07148E-0005
 4.340E-0001,-1.06507E-0005
 4.350E-0001,-1.05836E-0005
 4.360E-0001,-1.05226E-0005
 4.370E-0001,-1.04524E-0005
 4.380E-0001,-1.03883E-0005
 4.390E-0001,-1.03334E-0005
 4.400E-0001,-1.02693E-0005
 4.410E-0001,-1.02021E-0005
 4.420E-0001,-1.01441E-0005
 4.430E-0001,-1.00831E-0005
 4.440E-0001,-1.00221E-0005
 4.450E-0001,-9.96108E-0006
 4.460E-0001,-9.90310E-0006
 4.470E-0001,-9.85122E-0006
 4.480E-0001,-9.78408E-0006
 4.490E-0001,-9.72915E-0006
 4.500E-0001,-9.67727E-0006
 4.510E-0001,-9.61318E-0006
 4.520E-0001,-9.56740E-0006
 4.530E-0001,-9.50942E-0006
 4.540E-0001,-9.45754E-0006
 4.550E-0001,-9.39955E-0006
 4.560E-0001,-9.35072E-0006
 4.570E-0001,-9.29579E-0006
 4.580E-0001,-9.24391E-0006
 4.590E-0001,-9.18898E-0006
 4.600E-0001,-9.13710E-0006
 4.610E-0001,-9.09132E-0006
 4.620E-0001,-9.04249E-0006
 4.630E-0001,-8.99061E-0006
 4.640E-0001,-8.94178E-0006
 4.650E-0001,-8.89600E-0006
 4.660E-0001,-8.83497E-0006
 4.670E-0001,-8.79224E-0006
 4.680E-0001,-8.74036E-0006
 4.690E-0001,-8.69459E-0006
 4.700E-0001,-8.65186E-0006
 4.710E-0001,-8.60608E-0006
 4.720E-0001,-8.56031E-0006
 4.730E-0001,-8.50843E-0006
 4.740E-0001,-8.46875E-0006
 4.750E-0001,-8.42298E-0006
 4.760E-0001,-8.37415E-0006
 4.770E-0001,-8.33142E-0006
 4.780E-0001,-8.28870E-0006
 4.790E-0001,-8.24292E-0006
 4.800E-0001,-8.20019E-0006
 4.810E-0001,-8.16052E-0006
 4.820E-0001,-8.11779E-0006
 4.830E-0001,-8.07507E-0006
 4.840E-0001,-8.02929E-0006
 4.850E-0001,-7.99267E-0006
 4.860E-0001,-7.94689E-0006
 4.870E-0001,-7.91027E-0006
 4.880E-0001,-7.86449E-0006
 4.890E-0001,-7.83093E-0006
 4.900E-0001,-7.79736E-0006
 4.910E-0001,-7.75463E-0006
 4.920E-0001,-7.71801E-0006
 4.930E-0001,-7.67528E-0006
 4.940E-0001,-7.63256E-0006
 4.950E-0001,-7.59594E-0006
 4.960E-0001,-7.55626E-0006
 4.970E-0001,-7.51964E-0006
 4.980E-0001,-7.48912E-0006
 4.990E-0001,-7.45555E-0006
 5.000E-0001,-7.40978E-0006
 5.010E-0001,-7.37926E-0006
 5.020E-0001,-7.33958E-0006
 5.030E-0001,-7.29991E-0006
 5.040E-0001,-7.27244E-0006
 5.050E-0001,-7.23277E-0006
 5.060E-0001,-7.19615E-0006
 5.070E-0001,-7.16258E-0006
 5.080E-0001,-7.12596E-0006
 5.090E-0001,-7.09544E-0006
 5.100E-0001,-7.06187E-0006
 5.110E-0001,-7.02830E-0006
 5.120E-0001,-6.99473E-0006
 5.130E-0001,-6.96421E-0006
 5.140E-0001,-6.93064E-0006
 5.150E-0001,-6.89402E-0006
 5.160E-0001,-6.86350E-0006
 5.170E-0001,-6.83909E-0006
 5.180E-0001,-6.79942E-0006
 5.190E-0001,-6.76890E-0006
 5.200E-0001,-6.73533E-0006
 5.210E-0001,-6.70176E-0006
 5.220E-0001,-6.67429E-0006
 5.230E-0001,-6.64988E-0006
 5.240E-0001,-6.61326E-0006
 5.250E-0001,-6.58274E-0006
 5.260E-0001,-6.55527E-0006
 5.270E-0001,-6.52475E-0006
 5.280E-0001,-6.49423E-0006
 5.290E-0001,-6.46677E-0006
 5.300E-0001,-6.43625E-0006
 5.310E-0001,-6.40878E-0006
 5.320E-0001,-6.38132E-0006
 5.330E-0001,-6.34164E-0006
 5.340E-0001,-6.32028E-0006
 5.350E-0001,-6.28976E-0006
 5.360E-0001,-6.26230E-0006
 5.370E-0001,-6.24093E-0006
 5.380E-0001,-6.21347E-0006
 5.390E-0001,-6.18600E-0006
 5.400E-0001,-6.15243E-0006
 5.410E-0001,-6.12802E-0006
 5.420E-0001,-6.10055E-0006
 5.430E-0001,-6.07614E-0006
 5.440E-0001,-6.05477E-0006
 5.450E-0001,-6.02426E-0006
 5.460E-0001,-5.99679E-0006
 5.470E-0001,-5.96627E-0006
 5.480E-0001,-5.95101E-0006
 5.490E-0001,-5.92355E-0006
 5.500E-0001,-5.89913E-0006
 5.510E-0001,-5.87472E-0006
 5.520E-0001,-5.84420E-0006
 5.530E-0001,-5.81673E-0006
 5.540E-0001,-5.79537E-0006
 5.550E-0001,-5.76791E-0006
 5.560E-0001,-5.74959E-0006
 5.570E-0001,-5.72518E-0006
 5.580E-0001,-5.70077E-0006
 5.590E-0001,-5.67330E-0006
 5.600E-0001,-5.65194E-0006
 5.610E-0001,-5.62752E-0006
 5.620E-0001,-5.61226E-0006
 5.630E-0001,-5.58480E-0006
 5.640E-0001,-5.56343E-0006
 5.650E-0001,-5.53597E-0006
 5.660E-0001,-5.51461E-0006
 5.670E-0001,-5.49019E-0006
 5.680E-0001,-5.46883E-0006
 5.690E-0001,-5.44441E-0006
 5.700E-0001,-5.42305E-0006
 5.710E-0001,-5.40779E-0006
 5.720E-0001,-5.38643E-0006
 5.730E-0001,-5.36202E-0006
 5.740E-0001,-5.33760E-0006
 5.750E-0001,-5.31929E-0006
 5.760E-0001,-5.29793E-0006
 5.770E-0001,-5.27962E-0006
 5.780E-0001,-5.26131E-0006
 5.790E-0001,-5.23384E-0006
 5.800E-0001,-5.21858E-0006
 5.810E-0001,-5.19722E-0006
 5.820E-0001,-5.17586E-0006
 5.830E-0001,-5.15449E-0006
 5.840E-0001,-5.13313E-0006
 5.850E-0001,-5.10872E-0006
 5.860E-0001,-5.09346E-0006
 5.870E-0001,-5.07209E-0006
 5.880E-0001,-5.05683E-0006
 5.890E-0001,-5.03852E-0006
 5.900E-0001,-5.01716E-0006
 5.910E-0001,-4.99275E-0006
 5.920E-0001,-4.97444E-0006
 5.930E-0001,-4.95918E-0006
 5.940E-0001,-4.94392E-0006
 5.950E-0001,-4.92256E-0006
 5.960E-0001,-4.89814E-0006
 5.970E-0001,-4.88593E-0006
 5.980E-0001,-4.86457E-0006
 5.990E-0001,-4.85236E-0006
 6.000E-0001,-4.83405E-0006
 6.010E-0001,-4.81879E-0006
 6.020E-0001,-4.79438E-0006
 6.030E-0001,-4.77302E-0006
 6.040E-0001,-4.76386E-0006
 6.050E-0001,-4.74860E-0006
 6.060E-0001,-4.72419E-0006
 6.070E-0001,-4.71198E-0006
 6.080E-0001,-4.69367E-0006
 6.090E-0001,-4.67536E-0006
 6.100E-0001,-4.65705E-0006
 6.110E-0001,-4.64789E-0006
 6.120E-0001,-4.62958E-0006
 6.130E-0001,-4.61127E-0006
 6.140E-0001,-4.59296E-0006
 6.150E-0001,-4.57770E-0006
 6.160E-0001,-4.56549E-0006
 6.170E-0001,-4.54413E-0006
 6.180E-0001,-4.52582E-0006
 6.190E-0001,-4.51667E-0006
 6.200E-0001,-4.50141E-0006
 6.210E-0001,-4.47699E-0006
 6.220E-0001,-4.46478E-0006
 6.230E-0001,-4.45258E-0006
 6.240E-0001,-4.43427E-0006
 6.250E-0001,-4.41901E-0006
 6.260E-0001,-4.40985E-0006
 6.270E-0001,-4.39154E-0006
 6.280E-0001,-4.37628E-0006
 6.290E-0001,-4.37018E-0006
 6.300E-0001,-4.35187E-0006
 6.310E-0001,-4.33356E-0006
 6.320E-0001,-4.32135E-0006
 6.330E-0001,-4.30914E-0006
 6.340E-0001,-4.29083E-0006
 6.350E-0001,-4.28168E-0006
 6.360E-0001,-4.26031E-0006
 6.370E-0001,-4.24505E-0006
 6.380E-0001,-4.23285E-0006
 6.390E-0001,-4.21759E-0006
 6.400E-0001,-4.20843E-0006
 6.410E-0001,-4.19012E-0006
 6.420E-0001,-4.18097E-0006
 6.430E-0001,-4.16266E-0006
 6.440E-0001,-4.14740E-0006
 6.450E-0001,-4.13519E-0006
 6.460E-0001,-4.11993E-0006
 6.470E-0001,-4.11383E-0006
 6.480E-0001,-4.10162E-0006
 6.490E-0001,-4.08941E-0006
 6.500E-0001,-4.07415E-0006
 6.510E-0001,-4.06500E-0006
 6.520E-0001,-4.05584E-0006
 6.530E-0001,-4.03448E-0006
 6.540E-0001,-4.02227E-0006
 6.550E-0001,-4.01922E-0006
 6.560E-0001,-3.99786E-0006
 6.570E-0001,-3.98870E-0006
 6.580E-0001,-3.96734E-0006
 6.590E-0001,-3.96429E-0006
 6.600E-0001,-3.94903E-0006
 6.610E-0001,-3.94293E-0006
 6.620E-0001,-3.93377E-0006
 6.630E-0001,-3.91546E-0006
 6.640E-0001,-3.90020E-0006
 6.650E-0001,-3.89105E-0006
 6.660E-0001,-3.88494E-0006
 6.670E-0001,-3.86968E-0006
 6.680E-0001,-3.86663E-0006
 6.690E-0001,-3.84222E-0006
 6.700E-0001,-3.83611E-0006
 6.710E-0001,-3.83306E-0006
 6.720E-0001,-3.81780E-0006
 6.730E-0001,-3.79949E-0006
 6.740E-0001,-3.79034E-0006
 6.750E-0001,-3.78423E-0006
 6.760E-0001,-3.77203E-0006
 6.770E-0001,-3.75677E-0006
 6.780E-0001,-3.74761E-0006
 6.790E-0001,-3.73846E-0006
 6.800E-0001,-3.73540E-0006
 6.810E-0001,-3.71709E-0006
 6.820E-0001,-3.71099E-0006
 6.830E-0001,-3.70183E-0006
 6.840E-0001,-3.68963E-0006
 6.850E-0001,-3.68047E-0006
 6.860E-0001,-3.67132E-0006
 6.870E-0001,-3.66521E-0006
 6.880E-0001,-3.64690E-0006
 6.890E-0001,-3.64080E-0006
 6.900E-0001,-3.63775E-0006
 6.910E-0001,-3.61943E-0006
 6.920E-0001,-3.61333E-0006
 6.930E-0001,-3.60723E-0006
 6.940E-0001,-3.59807E-0006
 6.950E-0001,-3.58587E-0006
 6.960E-0001,-3.57671E-0006
 6.970E-0001,-3.57061E-0006
 6.980E-0001,-3.55840E-0006
 6.990E-0001,-3.54924E-0006
 7.000E-0001,-3.53398E-0006
 7.010E-0001,-3.52788E-0006
 7.020E-0001,-3.52788E-0006
 7.030E-0001,-3.51873E-0006
 7.040E-0001,-3.50652E-0006
 7.050E-0001,-3.49736E-0006
 7.060E-0001,-3.48821E-0006
 7.070E-0001,-3.48821E-0006
 7.080E-0001,-3.47600E-0006
 7.090E-0001,-3.46990E-0006
 7.100E-0001,-3.45769E-0006
 7.110E-0001,-3.44853E-0006
 7.120E-0001,-3.43938E-0006
 7.130E-0001,-3.43938E-0006
 7.140E-0001,-3.43022E-0006
 7.150E-0001,-3.42412E-0006
 7.160E-0001,-3.40886E-0006
 7.170E-0001,-3.39971E-0006
 7.180E-0001,-3.39971E-0006
 7.190E-0001,-3.38750E-0006
 7.200E-0001,-3.38750E-0006
 7.210E-0001,-3.37529E-0006
 7.220E-0001,-3.36614E-0006
 7.230E-0001,-3.35393E-0006
 7.240E-0001,-3.35088E-0006
 7.250E-0001,-3.33867E-0006
 7.260E-0001,-3.34172E-0006
 7.270E-0001,-3.33257E-0006
 7.280E-0001,-3.32646E-0006
 7.290E-0001,-3.32036E-0006
 7.300E-0001,-3.31731E-0006
 7.310E-0001,-3.31120E-0006
 7.320E-0001,-3.29900E-0006
 7.330E-0001,-3.28984E-0006
 7.340E-0001,-3.28679E-0006
 7.350E-0001,-3.28068E-0006
 7.360E-0001,-3.28374E-0006
 7.370E-0001,-3.27458E-0006
 7.380E-0001,-3.26543E-0006
 7.390E-0001,-3.25627E-0006
 7.400E-0001,-3.24711E-0006
 7.410E-0001,-3.24711E-0006
 7.420E-0001,-3.23796E-0006
 7.430E-0001,-3.23491E-0006
 7.440E-0001,-3.22575E-0006
 7.450E-0001,-3.21965E-0006
 7.460E-0001,-3.21355E-0006
 7.470E-0001,-3.21049E-0006
 7.480E-0001,-3.20744E-0006
 7.490E-0001,-3.20134E-0006
 7.500E-0001,-3.19829E-0006
 7.510E-0001,-3.19523E-0006
 7.520E-0001,-3.18303E-0006
 7.530E-0001,-3.18608E-0006
 7.540E-0001,-3.18913E-0006
 7.550E-0001,-3.17082E-0006
 7.560E-0001,-3.16777E-0006
 7.570E-0001,-3.16472E-0006
 7.580E-0001,-3.15556E-0006
 7.590E-0001,-3.14946E-0006
 7.600E-0001,-3.14335E-0006
 7.610E-0001,-3.14641E-0006
 7.620E-0001,-3.13420E-0006
 7.630E-0001,-3.12809E-0006
 7.640E-0001,-3.13115E-0006
 7.650E-0001,-3.12504E-0006
 7.660E-0001,-3.12199E-0006
 7.670E-0001,-3.10978E-0006
 7.680E-0001,-3.10673E-0006
 7.690E-0001,-3.11284E-0006
 7.700E-0001,-3.10063E-0006
 7.710E-0001,-3.10368E-0006
 7.720E-0001,-3.09758E-0006
 7.730E-0001,-3.09147E-0006
 7.740E-0001,-3.08537E-0006
 7.750E-0001,-3.08842E-0006
 7.760E-0001,-3.07927E-0006
 7.770E-0001,-3.07316E-0006
 7.780E-0001,-3.07316E-0006
 7.790E-0001,-3.07011E-0006
 7.800E-0001,-3.05790E-0006
 7.810E-0001,-3.05790E-0006
 7.820E-0001,-3.06095E-0006
 7.830E-0001,-3.04875E-0006
 7.840E-0001,-3.04264E-0006
 7.850E-0001,-3.03959E-0006
 7.860E-0001,-3.04264E-0006
 7.870E-0001,-3.03959E-0006
 7.880E-0001,-3.03349E-0006
 7.890E-0001,-3.03654E-0006
 7.900E-0001,-3.02433E-0006
 7.910E-0001,-3.02128E-0006
 7.920E-0001,-3.01823E-0006
 7.930E-0001,-3.02433E-0006
 7.940E-0001,-3.01213E-0006
 7.950E-0001,-3.01518E-0006
 7.960E-0001,-3.01213E-0006
 7.970E-0001,-3.00602E-0006
 7.980E-0001,-3.00297E-0006
 7.990E-0001,-2.99992E-0006
 8.000E-0001,-2.99382E-0006
