
 7.990E-0001,-6.37827E-0007
 7.980E-0001,-5.24910E-0007
 7.970E-0001,-4.18097E-0007
 7.960E-0001,-3.35698E-0007
 7.950E-0001,-2.71610E-0007
 7.940E-0001,-2.34988E-0007
 7.930E-0001,-2.01419E-0007
 7.920E-0001,-1.77004E-0007
 7.910E-0001,-1.61745E-0007
 7.900E-0001,-1.40383E-0007
 7.890E-0001,-1.22072E-0007
 7.880E-0001,-1.09864E-0007
 7.870E-0001,-9.15541E-0008
 7.860E-0001,-7.62951E-0008
 7.850E-0001,-6.71396E-0008
 7.840E-0001,-4.27252E-0008
 7.830E-0001,-3.05180E-0008
 7.820E-0001,-2.44144E-0008
 7.810E-0001,-9.15541E-0009
 7.800E-0001, 6.10360E-0009
 7.790E-0001, 1.22072E-0008
 7.780E-0001, 2.44144E-0008
 7.770E-0001, 3.35698E-0008
 7.760E-0001, 4.27252E-0008
 7.750E-0001, 5.49324E-0008
 7.740E-0001, 6.10360E-0008
 7.730E-0001, 7.93469E-0008
 7.720E-0001, 8.23987E-0008
 7.710E-0001, 9.15541E-0008
 7.700E-0001, 9.76577E-0008
 7.690E-0001, 1.09864E-0007
 7.680E-0001, 1.28175E-0007
 7.670E-0001, 1.28175E-0007
 7.660E-0001, 1.34279E-0007
 7.650E-0001, 1.43434E-0007
 7.640E-0001, 1.61745E-0007
 7.630E-0001, 1.61745E-0007
 7.620E-0001, 1.70901E-0007
 7.610E-0001, 1.73952E-0007
 7.600E-0001, 1.86160E-0007
 7.590E-0001, 1.89211E-0007
 7.580E-0001, 1.95315E-0007
 7.570E-0001, 2.04470E-0007
 7.560E-0001, 2.16678E-0007
 7.550E-0001, 2.19729E-0007
 7.540E-0001, 2.25833E-0007
 7.530E-0001, 2.38040E-0007
 7.520E-0001, 2.44144E-0007
 7.510E-0001, 2.50247E-0007
 7.500E-0001, 2.53299E-0007
 7.490E-0001, 2.62455E-0007
 7.480E-0001, 2.65506E-0007
 7.470E-0001, 2.71610E-0007
 7.460E-0001, 2.80766E-0007
 7.450E-0001, 2.86869E-0007
 7.440E-0001, 2.89921E-0007
 7.430E-0001, 2.99076E-0007
 7.420E-0001, 3.08232E-0007
 7.410E-0001, 3.08232E-0007
 7.400E-0001, 3.17387E-0007
 7.390E-0001, 3.23491E-0007
 7.380E-0001, 3.26543E-0007
 7.370E-0001, 3.35698E-0007
 7.360E-0001, 3.41802E-0007
 7.350E-0001, 3.38750E-0007
 7.340E-0001, 3.57061E-0007
 7.330E-0001, 3.54009E-0007
 7.320E-0001, 3.57061E-0007
 7.310E-0001, 3.66216E-0007
 7.300E-0001, 3.66216E-0007
 7.290E-0001, 3.81475E-0007
 7.280E-0001, 3.81475E-0007
 7.270E-0001, 3.90630E-0007
 7.260E-0001, 3.93682E-0007
 7.250E-0001, 4.02838E-0007
 7.240E-0001, 4.05889E-0007
 7.230E-0001, 4.11993E-0007
 7.220E-0001, 4.11993E-0007
 7.210E-0001, 4.15045E-0007
 7.200E-0001, 4.24200E-0007
 7.190E-0001, 4.27252E-0007
 7.180E-0001, 4.33356E-0007
 7.170E-0001, 4.39459E-0007
 7.160E-0001, 4.42511E-0007
 7.150E-0001, 4.48615E-0007
 7.140E-0001, 4.48615E-0007
 7.130E-0001, 4.57770E-0007
 7.120E-0001, 4.63874E-0007
 7.110E-0001, 4.66926E-0007
 7.100E-0001, 4.73029E-0007
 7.090E-0001, 4.82185E-0007
 7.080E-0001, 4.79133E-0007
 7.070E-0001, 4.88288E-0007
 7.060E-0001, 4.91340E-0007
 7.050E-0001, 4.97444E-0007
 7.040E-0001, 5.03547E-0007
 7.030E-0001, 5.12703E-0007
 7.020E-0001, 5.09651E-0007
 7.010E-0001, 5.15754E-0007
 7.000E-0001, 5.21858E-0007
 6.990E-0001, 5.27962E-0007
 6.980E-0001, 5.31013E-0007
 6.970E-0001, 5.34065E-0007
 6.960E-0001, 5.40169E-0007
 6.950E-0001, 5.40169E-0007
 6.940E-0001, 5.49324E-0007
 6.930E-0001, 5.55428E-0007
 6.920E-0001, 5.61532E-0007
 6.910E-0001, 5.61532E-0007
 6.900E-0001, 5.67635E-0007
 6.890E-0001, 5.64583E-0007
 6.880E-0001, 5.79842E-0007
 6.870E-0001, 5.82894E-0007
 6.860E-0001, 5.95101E-0007
 6.850E-0001, 5.95101E-0007
 6.840E-0001, 6.01205E-0007
 6.830E-0001, 5.98153E-0007
 6.820E-0001, 6.04257E-0007
 6.810E-0001, 6.10360E-0007
 6.800E-0001, 6.16464E-0007
 6.790E-0001, 6.22568E-0007
 6.780E-0001, 6.25619E-0007
 6.770E-0001, 6.25619E-0007
 6.760E-0001, 6.34775E-0007
 6.750E-0001, 6.37827E-0007
 6.740E-0001, 6.46982E-0007
 6.730E-0001, 6.40878E-0007
 6.720E-0001, 6.46982E-0007
 6.710E-0001, 6.50034E-0007
 6.700E-0001, 6.50034E-0007
 6.690E-0001, 6.46982E-0007
 6.680E-0001, 6.56137E-0007
 6.670E-0001, 6.59189E-0007
 6.660E-0001, 6.56137E-0007
 6.650E-0001, 6.59189E-0007
 6.640E-0001, 6.59189E-0007
 6.630E-0001, 6.62241E-0007
 6.620E-0001, 6.59189E-0007
 6.610E-0001, 6.59189E-0007
 6.600E-0001, 6.59189E-0007
 6.590E-0001, 6.68345E-0007
 6.580E-0001, 6.65293E-0007
 6.570E-0001, 6.62241E-0007
 6.560E-0001, 6.65293E-0007
 6.550E-0001, 6.68345E-0007
 6.540E-0001, 6.68345E-0007
 6.530E-0001, 6.71396E-0007
 6.520E-0001, 6.71396E-0007
 6.510E-0001, 6.71396E-0007
 6.500E-0001, 6.68345E-0007
 6.490E-0001, 6.71396E-0007
 6.480E-0001, 6.62241E-0007
 6.470E-0001, 6.65293E-0007
 6.460E-0001, 6.77500E-0007
 6.450E-0001, 6.71396E-0007
 6.440E-0001, 6.74448E-0007
 6.430E-0001, 6.77500E-0007
 6.420E-0001, 6.71396E-0007
 6.410E-0001, 6.74448E-0007
 6.400E-0001, 6.74448E-0007
 6.390E-0001, 6.77500E-0007
 6.380E-0001, 6.71396E-0007
 6.370E-0001, 6.74448E-0007
 6.360E-0001, 6.83604E-0007
 6.350E-0001, 6.86655E-0007
 6.340E-0001, 6.83604E-0007
 6.330E-0001, 6.80552E-0007
 6.320E-0001, 6.89707E-0007
 6.310E-0001, 6.83604E-0007
 6.300E-0001, 6.89707E-0007
 6.290E-0001, 6.86655E-0007
 6.280E-0001, 6.92759E-0007
 6.270E-0001, 6.89707E-0007
 6.260E-0001, 6.89707E-0007
 6.250E-0001, 6.95811E-0007
 6.240E-0001, 6.92759E-0007
 6.230E-0001, 6.95811E-0007
 6.220E-0001, 6.95811E-0007
 6.210E-0001, 6.92759E-0007
 6.200E-0001, 6.95811E-0007
 6.190E-0001, 6.95811E-0007
 6.180E-0001, 6.95811E-0007
 6.170E-0001, 6.95811E-0007
 6.160E-0001, 6.98863E-0007
 6.150E-0001, 6.98863E-0007
 6.140E-0001, 7.01915E-0007
 6.130E-0001, 7.01915E-0007
 6.120E-0001, 7.08018E-0007
 6.110E-0001, 7.01915E-0007
 6.100E-0001, 7.04966E-0007
 6.090E-0001, 7.04966E-0007
 6.080E-0001, 7.08018E-0007
 6.070E-0001, 7.04966E-0007
 6.060E-0001, 7.08018E-0007
 6.050E-0001, 7.08018E-0007
 6.040E-0001, 7.01915E-0007
 6.030E-0001, 7.04966E-0007
 6.020E-0001, 7.11070E-0007
 6.010E-0001, 7.08018E-0007
 6.000E-0001, 7.11070E-0007
 5.990E-0001, 7.08018E-0007
 5.980E-0001, 7.11070E-0007
 5.970E-0001, 7.14122E-0007
 5.960E-0001, 7.08018E-0007
 5.950E-0001, 7.11070E-0007
 5.940E-0001, 7.17174E-0007
 5.930E-0001, 7.11070E-0007
 5.920E-0001, 7.17174E-0007
 5.910E-0001, 7.17174E-0007
 5.900E-0001, 7.17174E-0007
 5.890E-0001, 7.17174E-0007
 5.880E-0001, 7.14122E-0007
 5.870E-0001, 7.14122E-0007
 5.860E-0001, 7.23277E-0007
 5.850E-0001, 7.17174E-0007
 5.840E-0001, 7.23277E-0007
 5.830E-0001, 7.23277E-0007
 5.820E-0001, 7.26329E-0007
 5.810E-0001, 7.20225E-0007
 5.800E-0001, 7.17174E-0007
 5.790E-0001, 7.20225E-0007
 5.780E-0001, 7.23277E-0007
 5.770E-0001, 7.32433E-0007
 5.760E-0001, 7.20225E-0007
 5.750E-0001, 7.26329E-0007
 5.740E-0001, 7.26329E-0007
 5.730E-0001, 7.26329E-0007
 5.720E-0001, 7.20225E-0007
 5.710E-0001, 7.23277E-0007
 5.700E-0001, 7.32433E-0007
 5.690E-0001, 7.32433E-0007
 5.680E-0001, 7.32433E-0007
 5.670E-0001, 7.32433E-0007
 5.660E-0001, 7.35484E-0007
 5.650E-0001, 7.32433E-0007
 5.640E-0001, 7.35484E-0007
 5.630E-0001, 7.35484E-0007
 5.620E-0001, 7.35484E-0007
 5.610E-0001, 7.38536E-0007
 5.600E-0001, 7.35484E-0007
 5.590E-0001, 7.38536E-0007
 5.580E-0001, 7.35484E-0007
 5.570E-0001, 7.35484E-0007
 5.560E-0001, 7.35484E-0007
 5.550E-0001, 7.44640E-0007
 5.540E-0001, 7.35484E-0007
 5.530E-0001, 7.38536E-0007
 5.520E-0001, 7.38536E-0007
 5.510E-0001, 7.38536E-0007
 5.500E-0001, 7.38536E-0007
 5.490E-0001, 7.38536E-0007
 5.480E-0001, 7.38536E-0007
 5.470E-0001, 7.41588E-0007
 5.460E-0001, 7.44640E-0007
 5.450E-0001, 7.41588E-0007
 5.440E-0001, 7.47692E-0007
 5.430E-0001, 7.44640E-0007
 5.420E-0001, 7.47692E-0007
 5.410E-0001, 7.44640E-0007
 5.400E-0001, 7.41588E-0007
 5.390E-0001, 7.47692E-0007
 5.380E-0001, 7.47692E-0007
 5.370E-0001, 7.53795E-0007
 5.360E-0001, 7.50743E-0007
 5.350E-0001, 7.44640E-0007
 5.340E-0001, 7.50743E-0007
 5.330E-0001, 7.50743E-0007
 5.320E-0001, 7.44640E-0007
 5.310E-0001, 7.50743E-0007
 5.300E-0001, 7.50743E-0007
 5.290E-0001, 7.47692E-0007
 5.280E-0001, 7.50743E-0007
 5.270E-0001, 7.50743E-0007
 5.260E-0001, 7.47692E-0007
 5.250E-0001, 7.56847E-0007
 5.240E-0001, 7.50743E-0007
 5.230E-0001, 7.56847E-0007
 5.220E-0001, 7.59899E-0007
 5.210E-0001, 7.53795E-0007
 5.200E-0001, 7.56847E-0007
 5.190E-0001, 7.56847E-0007
 5.180E-0001, 7.59899E-0007
 5.170E-0001, 7.59899E-0007
 5.160E-0001, 7.56847E-0007
 5.150E-0001, 7.66002E-0007
 5.140E-0001, 7.62951E-0007
 5.130E-0001, 7.62951E-0007
 5.120E-0001, 7.53795E-0007
 5.110E-0001, 7.59899E-0007
 5.100E-0001, 7.53795E-0007
 5.090E-0001, 7.59899E-0007
 5.080E-0001, 7.62951E-0007
 5.070E-0001, 7.62951E-0007
 5.060E-0001, 7.59899E-0007
 5.050E-0001, 7.59899E-0007
 5.040E-0001, 7.69054E-0007
 5.030E-0001, 7.69054E-0007
 5.020E-0001, 7.69054E-0007
 5.010E-0001, 7.62951E-0007
 5.000E-0001, 7.72106E-0007
 4.990E-0001, 7.72106E-0007
 4.980E-0001, 7.72106E-0007
 4.970E-0001, 7.72106E-0007
 4.960E-0001, 7.66002E-0007
 4.950E-0001, 7.72106E-0007
 4.940E-0001, 7.72106E-0007
 4.930E-0001, 7.72106E-0007
 4.920E-0001, 7.81261E-0007
 4.910E-0001, 7.75158E-0007
 4.900E-0001, 7.75158E-0007
 4.890E-0001, 7.81261E-0007
 4.880E-0001, 7.81261E-0007
 4.870E-0001, 7.75158E-0007
 4.860E-0001, 7.75158E-0007
 4.850E-0001, 7.78210E-0007
 4.840E-0001, 7.84313E-0007
 4.830E-0001, 7.84313E-0007
 4.820E-0001, 7.87365E-0007
 4.810E-0001, 7.84313E-0007
 4.800E-0001, 7.87365E-0007
 4.790E-0001, 7.90417E-0007
 4.780E-0001, 7.93469E-0007
 4.770E-0001, 7.90417E-0007
 4.760E-0001, 7.93469E-0007
 4.750E-0001, 7.96520E-0007
 4.740E-0001, 7.93469E-0007
 4.730E-0001, 7.93469E-0007
 4.720E-0001, 7.93469E-0007
 4.710E-0001, 7.93469E-0007
 4.700E-0001, 7.96520E-0007
 4.690E-0001, 8.02624E-0007
 4.680E-0001, 7.99572E-0007
 4.670E-0001, 7.99572E-0007
 4.660E-0001, 7.93469E-0007
 4.650E-0001, 7.99572E-0007
 4.640E-0001, 7.99572E-0007
 4.630E-0001, 8.02624E-0007
 4.620E-0001, 7.96520E-0007
 4.610E-0001, 7.99572E-0007
 4.600E-0001, 8.02624E-0007
 4.590E-0001, 8.02624E-0007
 4.580E-0001, 8.02624E-0007
 4.570E-0001, 8.05676E-0007
 4.560E-0001, 8.11779E-0007
 4.550E-0001, 8.05676E-0007
 4.540E-0001, 8.11779E-0007
 4.530E-0001, 8.14831E-0007
 4.520E-0001, 8.14831E-0007
 4.510E-0001, 8.17883E-0007
 4.500E-0001, 8.20935E-0007
 4.490E-0001, 8.17883E-0007
 4.480E-0001, 8.14831E-0007
 4.470E-0001, 8.20935E-0007
 4.460E-0001, 8.20935E-0007
 4.450E-0001, 8.23987E-0007
 4.440E-0001, 8.20935E-0007
 4.430E-0001, 8.27038E-0007
 4.420E-0001, 8.33142E-0007
 4.410E-0001, 8.23987E-0007
 4.400E-0001, 8.30090E-0007
 4.390E-0001, 8.23987E-0007
 4.380E-0001, 8.33142E-0007
 4.370E-0001, 8.27038E-0007
 4.360E-0001, 8.30090E-0007
 4.350E-0001, 8.36194E-0007
 4.340E-0001, 8.39246E-0007
 4.330E-0001, 8.45349E-0007
 4.320E-0001, 8.48401E-0007
 4.310E-0001, 8.39246E-0007
 4.300E-0001, 8.45349E-0007
 4.290E-0001, 8.39246E-0007
 4.280E-0001, 8.51453E-0007
 4.270E-0001, 8.51453E-0007
 4.260E-0001, 8.48401E-0007
 4.250E-0001, 8.51453E-0007
 4.240E-0001, 8.60608E-0007
 4.230E-0001, 8.57557E-0007
 4.220E-0001, 8.57557E-0007
 4.210E-0001, 8.60608E-0007
 4.200E-0001, 8.60608E-0007
 4.190E-0001, 8.63660E-0007
 4.180E-0001, 8.66712E-0007
 4.170E-0001, 8.66712E-0007
 4.160E-0001, 8.66712E-0007
 4.150E-0001, 8.66712E-0007
 4.140E-0001, 8.69764E-0007
 4.130E-0001, 8.78919E-0007
 4.120E-0001, 8.81971E-0007
 4.110E-0001, 8.78919E-0007
 4.100E-0001, 8.81971E-0007
 4.090E-0001, 8.85023E-0007
 4.080E-0001, 8.85023E-0007
 4.070E-0001, 8.78919E-0007
 4.060E-0001, 8.85023E-0007
 4.050E-0001, 8.88075E-0007
 4.040E-0001, 8.91126E-0007
 4.030E-0001, 8.91126E-0007
 4.020E-0001, 9.00282E-0007
 4.010E-0001, 9.00282E-0007
 4.000E-0001, 9.06385E-0007
 3.990E-0001, 9.09437E-0007
 3.980E-0001, 9.06385E-0007
 3.970E-0001, 9.12489E-0007
 3.960E-0001, 9.15541E-0007
 3.950E-0001, 9.18593E-0007
 3.940E-0001, 9.15541E-0007
 3.930E-0001, 9.24696E-0007
 3.920E-0001, 9.27748E-0007
 3.910E-0001, 9.33852E-0007
 3.900E-0001, 9.33852E-0007
 3.890E-0001, 9.36903E-0007
 3.880E-0001, 9.46059E-0007
 3.870E-0001, 9.49111E-0007
 3.860E-0001, 9.58266E-0007
 3.850E-0001, 9.64370E-0007
 3.840E-0001, 9.70473E-0007
 3.830E-0001, 9.76577E-0007
 3.820E-0001, 9.82681E-0007
 3.810E-0001, 9.79629E-0007
 3.800E-0001, 9.91836E-0007
 3.790E-0001, 9.94888E-0007
 3.780E-0001, 1.00099E-0006
 3.770E-0001, 1.01014E-0006
 3.760E-0001, 1.01930E-0006
 3.750E-0001, 1.02540E-0006
 3.740E-0001, 1.03150E-0006
 3.730E-0001, 1.04371E-0006
 3.720E-0001, 1.04371E-0006
 3.710E-0001, 1.05897E-0006
 3.700E-0001, 1.06202E-0006
 3.690E-0001, 1.07423E-0006
 3.680E-0001, 1.08644E-0006
 3.670E-0001, 1.09254E-0006
 3.660E-0001, 1.10170E-0006
 3.650E-0001, 1.11390E-0006
 3.640E-0001, 1.12611E-0006
 3.630E-0001, 1.13527E-0006
 3.620E-0001, 1.15053E-0006
 3.610E-0001, 1.15663E-0006
 3.600E-0001, 1.17799E-0006
 3.590E-0001, 1.18715E-0006
 3.580E-0001, 1.19325E-0006
 3.570E-0001, 1.21766E-0006
 3.560E-0001, 1.23292E-0006
 3.550E-0001, 1.23598E-0006
 3.540E-0001, 1.26039E-0006
 3.530E-0001, 1.26955E-0006
 3.520E-0001, 1.28786E-0006
 3.510E-0001, 1.30006E-0006
 3.500E-0001, 1.32448E-0006
 3.490E-0001, 1.33974E-0006
 3.480E-0001, 1.36110E-0006
 3.470E-0001, 1.37941E-0006
 3.460E-0001, 1.39772E-0006
 3.450E-0001, 1.41908E-0006
 3.440E-0001, 1.43739E-0006
 3.430E-0001, 1.45876E-0006
 3.420E-0001, 1.47707E-0006
 3.410E-0001, 1.49843E-0006
 3.400E-0001, 1.52285E-0006
 3.390E-0001, 1.54726E-0006
 3.380E-0001, 1.58083E-0006
 3.370E-0001, 1.59609E-0006
 3.360E-0001, 1.62355E-0006
 3.350E-0001, 1.65102E-0006
 3.340E-0001, 1.68154E-0006
 3.330E-0001, 1.70595E-0006
 3.320E-0001, 1.73647E-0006
 3.310E-0001, 1.76699E-0006
 3.300E-0001, 1.79446E-0006
 3.290E-0001, 1.82803E-0006
 3.280E-0001, 1.86160E-0006
 3.270E-0001, 1.90127E-0006
 3.260E-0001, 1.93179E-0006
 3.250E-0001, 1.96841E-0006
 3.240E-0001, 2.00808E-0006
 3.230E-0001, 2.04776E-0006
 3.220E-0001, 2.08133E-0006
 3.210E-0001, 2.11795E-0006
 3.200E-0001, 2.16678E-0006
 3.190E-0001, 2.20340E-0006
 3.180E-0001, 2.24612E-0006
 3.170E-0001, 2.28885E-0006
 3.160E-0001, 2.33463E-0006
 3.150E-0001, 2.38651E-0006
 3.140E-0001, 2.42923E-0006
 3.130E-0001, 2.48111E-0006
 3.120E-0001, 2.52689E-0006
 3.110E-0001, 2.57572E-0006
 3.100E-0001, 2.63065E-0006
 3.090E-0001, 2.68863E-0006
 3.080E-0001, 2.74052E-0006
 3.070E-0001, 2.80460E-0006
 3.060E-0001, 2.86259E-0006
 3.050E-0001, 2.91447E-0006
 3.040E-0001, 2.97856E-0006
 3.030E-0001, 3.03654E-0006
 3.020E-0001, 3.10063E-0006
 3.010E-0001, 3.16472E-0006
 3.000E-0001, 3.22880E-0006
 2.990E-0001, 3.29900E-0006
 2.980E-0001, 3.37224E-0006
 2.970E-0001, 3.43633E-0006
 2.960E-0001, 3.50347E-0006
 2.950E-0001, 3.57671E-0006
 2.940E-0001, 3.65606E-0006
 2.930E-0001, 3.72625E-0006
 2.920E-0001, 3.79949E-0006
 2.910E-0001, 3.89410E-0006
 2.900E-0001, 3.96124E-0006
 2.890E-0001, 4.04364E-0006
 2.880E-0001, 4.12909E-0006
 2.870E-0001, 4.20843E-0006
 2.860E-0001, 4.29694E-0006
 2.850E-0001, 4.38544E-0006
 2.840E-0001, 4.46784E-0006
 2.830E-0001, 4.56244E-0006
 2.820E-0001, 4.65094E-0006
 2.810E-0001, 4.73945E-0006
 2.800E-0001, 4.83710E-0006
 2.790E-0001, 4.92561E-0006
 2.780E-0001, 5.02327E-0006
 2.770E-0001, 5.11177E-0006
 2.760E-0001, 5.21553E-0006
 2.750E-0001, 5.31319E-0006
 2.740E-0001, 5.42000E-0006
 2.730E-0001, 5.51461E-0006
 2.720E-0001, 5.61226E-0006
 2.710E-0001, 5.71908E-0006
 2.700E-0001, 5.81979E-0006
 2.690E-0001, 5.92355E-0006
 2.680E-0001, 6.03341E-0006
 2.670E-0001, 6.13717E-0006
 2.660E-0001, 6.24399E-0006
 2.650E-0001, 6.34775E-0006
 2.640E-0001, 6.45761E-0006
 2.630E-0001, 6.56443E-0006
 2.620E-0001, 6.66208E-0006
 2.610E-0001, 6.78110E-0006
 2.600E-0001, 6.88792E-0006
 2.590E-0001, 7.00999E-0006
 2.580E-0001, 7.11375E-0006
 2.570E-0001, 7.22667E-0006
 2.560E-0001, 7.33653E-0006
 2.550E-0001, 7.44945E-0006
 2.540E-0001, 7.55626E-0006
 2.530E-0001, 7.67223E-0006
 2.520E-0001, 7.78820E-0006
 2.510E-0001, 7.88891E-0006
 2.500E-0001, 8.00183E-0006
 2.490E-0001, 8.11474E-0006
 2.480E-0001, 8.22766E-0006
 2.470E-0001, 8.32837E-0006
 2.460E-0001, 8.44129E-0006
 2.450E-0001, 8.55725E-0006
 2.440E-0001, 8.66407E-0006
 2.430E-0001, 8.77088E-0006
 2.420E-0001, 8.87769E-0006
 2.410E-0001, 8.98146E-0006
 2.400E-0001, 9.08827E-0006
 2.390E-0001, 9.19508E-0006
 2.380E-0001, 9.30189E-0006
 2.370E-0001, 9.40260E-0006
 2.360E-0001, 9.51247E-0006
 2.350E-0001, 9.60708E-0006
 2.340E-0001, 9.71084E-0006
 2.330E-0001, 9.80849E-0006
 2.320E-0001, 9.90920E-0006
 2.310E-0001, 1.00038E-0005
 2.300E-0001, 1.01045E-0005
 2.290E-0001, 1.01960E-0005
 2.280E-0001, 1.02937E-0005
 2.270E-0001, 1.03791E-0005
 2.260E-0001, 1.04737E-0005
 2.250E-0001, 1.05653E-0005
 2.240E-0001, 1.06569E-0005
 2.230E-0001, 1.07423E-0005
 2.220E-0001, 1.08308E-0005
 2.210E-0001, 1.09102E-0005
 2.200E-0001, 1.09987E-0005
 2.190E-0001, 1.10749E-0005
 2.180E-0001, 1.11512E-0005
 2.170E-0001, 1.12275E-0005
 2.160E-0001, 1.13099E-0005
 2.150E-0001, 1.13923E-0005
 2.140E-0001, 1.14625E-0005
 2.130E-0001, 1.15388E-0005
 2.120E-0001, 1.16090E-0005
 2.110E-0001, 1.16823E-0005
 2.100E-0001, 1.17494E-0005
 2.090E-0001, 1.18135E-0005
 2.080E-0001, 1.18867E-0005
 2.070E-0001, 1.19447E-0005
 2.060E-0001, 1.20057E-0005
 2.050E-0001, 1.20698E-0005
 2.040E-0001, 1.21309E-0005
 2.030E-0001, 1.21889E-0005
 2.020E-0001, 1.22407E-0005
 2.010E-0001, 1.23018E-0005
 2.000E-0001, 1.23537E-0005
 1.990E-0001, 1.24086E-0005
 1.980E-0001, 1.24544E-0005
 1.970E-0001, 1.25032E-0005
 1.960E-0001, 1.25490E-0005
 1.950E-0001, 1.25978E-0005
 1.940E-0001, 1.26405E-0005
 1.930E-0001, 1.26894E-0005
 1.920E-0001, 1.27290E-0005
 1.910E-0001, 1.27718E-0005
 1.900E-0001, 1.28053E-0005
 1.890E-0001, 1.28511E-0005
 1.880E-0001, 1.28877E-0005
 1.870E-0001, 1.29274E-0005
 1.860E-0001, 1.29610E-0005
 1.850E-0001, 1.30006E-0005
 1.840E-0001, 1.30312E-0005
 1.830E-0001, 1.30647E-0005
 1.820E-0001, 1.30983E-0005
 1.810E-0001, 1.31197E-0005
 1.800E-0001, 1.31502E-0005
 1.790E-0001, 1.31837E-0005
 1.780E-0001, 1.32082E-0005
 1.770E-0001, 1.32356E-0005
 1.760E-0001, 1.32600E-0005
 1.750E-0001, 1.32814E-0005
 1.740E-0001, 1.32997E-0005
 1.730E-0001, 1.33272E-0005
 1.720E-0001, 1.33455E-0005
 1.710E-0001, 1.33699E-0005
 1.700E-0001, 1.33852E-0005
 1.690E-0001, 1.34004E-0005
 1.680E-0001, 1.34279E-0005
 1.670E-0001, 1.34401E-0005
 1.660E-0001, 1.34523E-0005
 1.650E-0001, 1.34676E-0005
 1.640E-0001, 1.34828E-0005
 1.630E-0001, 1.34981E-0005
 1.620E-0001, 1.35133E-0005
 1.610E-0001, 1.35194E-0005
 1.600E-0001, 1.35347E-0005
 1.590E-0001, 1.35439E-0005
 1.580E-0001, 1.35530E-0005
 1.570E-0001, 1.35683E-0005
 1.560E-0001, 1.35805E-0005
 1.550E-0001, 1.35835E-0005
 1.540E-0001, 1.35988E-0005
 1.530E-0001, 1.36018E-0005
 1.520E-0001, 1.36110E-0005
 1.510E-0001, 1.36140E-0005
 1.500E-0001, 1.36232E-0005
 1.490E-0001, 1.36324E-0005
 1.480E-0001, 1.36324E-0005
 1.470E-0001, 1.36385E-0005
 1.460E-0001, 1.36415E-0005
 1.450E-0001, 1.36415E-0005
 1.440E-0001, 1.36507E-0005
 1.430E-0001, 1.36446E-0005
 1.420E-0001, 1.36507E-0005
 1.410E-0001, 1.36507E-0005
 1.400E-0001, 1.36476E-0005
 1.390E-0001, 1.36507E-0005
 1.380E-0001, 1.36568E-0005
 1.370E-0001, 1.36598E-0005
 1.360E-0001, 1.36537E-0005
 1.350E-0001, 1.36568E-0005
 1.340E-0001, 1.36598E-0005
 1.330E-0001, 1.36537E-0005
 1.320E-0001, 1.36507E-0005
 1.310E-0001, 1.36446E-0005
 1.300E-0001, 1.36507E-0005
 1.290E-0001, 1.36446E-0005
 1.280E-0001, 1.36476E-0005
 1.270E-0001, 1.36385E-0005
 1.260E-0001, 1.36385E-0005
 1.250E-0001, 1.36354E-0005
 1.240E-0001, 1.36263E-0005
 1.230E-0001, 1.36324E-0005
 1.220E-0001, 1.36232E-0005
 1.210E-0001, 1.36171E-0005
 1.200E-0001, 1.36110E-0005
 1.190E-0001, 1.36110E-0005
 1.180E-0001, 1.35988E-0005
 1.170E-0001, 1.35927E-0005
 1.160E-0001, 1.35957E-0005
 1.150E-0001, 1.35927E-0005
 1.140E-0001, 1.35896E-0005
 1.130E-0001, 1.35774E-0005
 1.120E-0001, 1.35744E-0005
 1.110E-0001, 1.35683E-0005
 1.100E-0001, 1.35591E-0005
 1.090E-0001, 1.35591E-0005
 1.080E-0001, 1.35500E-0005
 1.070E-0001, 1.35378E-0005
 1.060E-0001, 1.35317E-0005
 1.050E-0001, 1.35317E-0005
 1.040E-0001, 1.35194E-0005
 1.030E-0001, 1.35103E-0005
 1.020E-0001, 1.35133E-0005
 1.010E-0001, 1.34981E-0005
 1.000E-0001, 1.34859E-0005
 9.900E-0002, 1.34828E-0005
 9.800E-0002, 1.34767E-0005
 9.700E-0002, 1.34676E-0005
 9.600E-0002, 1.34584E-0005
 9.500E-0002, 1.34493E-0005
 9.400E-0002, 1.34401E-0005
 9.300E-0002, 1.34340E-0005
 9.200E-0002, 1.34248E-0005
 9.100E-0002, 1.34187E-0005
 9.000E-0002, 1.34157E-0005
 8.900E-0002, 1.34065E-0005
 8.800E-0002, 1.33943E-0005
 8.700E-0002, 1.33882E-0005
 8.600E-0002, 1.33760E-0005
 8.500E-0002, 1.33699E-0005
 8.400E-0002, 1.33577E-0005
 8.300E-0002, 1.33455E-0005
 8.200E-0002, 1.33424E-0005
 8.100E-0002, 1.33302E-0005
 8.000E-0002, 1.33241E-0005
 7.900E-0002, 1.33180E-0005
 7.800E-0002, 1.33058E-0005
 7.700E-0002, 1.32997E-0005
 7.600E-0002, 1.32875E-0005
 7.500E-0002, 1.32753E-0005
 7.400E-0002, 1.32661E-0005
 7.300E-0002, 1.32600E-0005
 7.200E-0002, 1.32448E-0005
 7.100E-0002, 1.32356E-0005
 7.000E-0002, 1.32326E-0005
 6.900E-0002, 1.32265E-0005
 6.800E-0002, 1.32112E-0005
 6.700E-0002, 1.32051E-0005
 6.600E-0002, 1.31960E-0005
 6.500E-0002, 1.31898E-0005
 6.400E-0002, 1.31776E-0005
 6.300E-0002, 1.31654E-0005
 6.200E-0002, 1.31532E-0005
 6.100E-0002, 1.31441E-0005
 6.000E-0002, 1.31410E-0005
 5.900E-0002, 1.31227E-0005
 5.800E-0002, 1.31227E-0005
 5.700E-0002, 1.31074E-0005
 5.600E-0002, 1.31013E-0005
 5.500E-0002, 1.30861E-0005
 5.400E-0002, 1.30708E-0005
 5.300E-0002, 1.30678E-0005
 5.200E-0002, 1.30647E-0005
 5.100E-0002, 1.30434E-0005
 5.000E-0002, 1.30464E-0005
 4.900E-0002, 1.30342E-0005
 4.800E-0002, 1.30220E-0005
 4.700E-0002, 1.30159E-0005
 4.600E-0002, 1.30067E-0005
 4.500E-0002, 1.29945E-0005
 4.400E-0002, 1.29884E-0005
 4.300E-0002, 1.29793E-0005
 4.200E-0002, 1.29732E-0005
 4.100E-0002, 1.29610E-0005
 4.000E-0002, 1.29488E-0005
 3.900E-0002, 1.29396E-0005
 3.800E-0002, 1.29304E-0005
 3.700E-0002, 1.29182E-0005
 3.600E-0002, 1.29121E-0005
 3.500E-0002, 1.28999E-0005
 3.400E-0002, 1.28877E-0005
 3.300E-0002, 1.28816E-0005
 3.200E-0002, 1.28694E-0005
 3.100E-0002, 1.28633E-0005
 3.000E-0002, 1.28633E-0005
 2.900E-0002, 1.28450E-0005
 2.800E-0002, 1.28358E-0005
 2.700E-0002, 1.28328E-0005
 2.600E-0002, 1.28206E-0005
 2.500E-0002, 1.28145E-0005
 2.400E-0002, 1.28053E-0005
 2.300E-0002, 1.27962E-0005
 2.200E-0002, 1.27870E-0005
 2.100E-0002, 1.27779E-0005
 2.000E-0002, 1.27779E-0005
 1.900E-0002, 1.27626E-0005
 1.800E-0002, 1.27504E-0005
 1.700E-0002, 1.27412E-0005
 1.600E-0002, 1.27351E-0005
 1.500E-0002, 1.27260E-0005
 1.400E-0002, 1.27229E-0005
 1.300E-0002, 1.27077E-0005
 1.200E-0002, 1.27046E-0005
 1.100E-0002, 1.26955E-0005
 1.000E-0002, 1.26894E-0005
 9.000E-0003, 1.26771E-0005
 8.000E-0003, 1.26741E-0005
 7.000E-0003, 1.26649E-0005
 6.000E-0003, 1.26588E-0005
 5.000E-0003, 1.26497E-0005
 4.000E-0003, 1.26405E-0005
 3.000E-0003, 1.26344E-0005
 2.000E-0003, 1.26253E-0005
 1.000E-0003, 1.26253E-0005
 0.000E+0000, 1.26192E-0005
-1.000E-0003, 1.26100E-0005
-2.000E-0003, 1.25978E-0005
-3.000E-0003, 1.25886E-0005
-4.000E-0003, 1.25886E-0005
-5.000E-0003, 1.25795E-0005
-6.000E-0003, 1.25734E-0005
-7.000E-0003, 1.25673E-0005
-8.000E-0003, 1.25520E-0005
-9.000E-0003, 1.25551E-0005
-1.000E-0002, 1.25490E-0005
-1.100E-0002, 1.25368E-0005
-1.200E-0002, 1.25337E-0005
-1.300E-0002, 1.25337E-0005
-1.400E-0002, 1.25276E-0005
-1.500E-0002, 1.25185E-0005
-1.600E-0002, 1.25154E-0005
-1.700E-0002, 1.25123E-0005
-1.800E-0002, 1.25032E-0005
-1.900E-0002, 1.25001E-0005
-2.000E-0002, 1.24971E-0005
-2.100E-0002, 1.24940E-0005
-2.200E-0002, 1.24818E-0005
-2.300E-0002, 1.24788E-0005
-2.400E-0002, 1.24757E-0005
-2.500E-0002, 1.24788E-0005
-2.600E-0002, 1.24696E-0005
-2.700E-0002, 1.24635E-0005
-2.800E-0002, 1.24574E-0005
-2.900E-0002, 1.24483E-0005
-3.000E-0002, 1.24574E-0005
-3.100E-0002, 1.24513E-0005
-3.200E-0002, 1.24452E-0005
-3.300E-0002, 1.24391E-0005
-3.400E-0002, 1.24391E-0005
-3.500E-0002, 1.24361E-0005
-3.600E-0002, 1.24330E-0005
-3.700E-0002, 1.24269E-0005
-3.800E-0002, 1.24208E-0005
-3.900E-0002, 1.24238E-0005
-4.000E-0002, 1.24177E-0005
-4.100E-0002, 1.24177E-0005
-4.200E-0002, 1.24147E-0005
-4.300E-0002, 1.24116E-0005
-4.400E-0002, 1.23994E-0005
-4.500E-0002, 1.24055E-0005
-4.600E-0002, 1.24086E-0005
-4.700E-0002, 1.24086E-0005
-4.800E-0002, 1.23994E-0005
-4.900E-0002, 1.24055E-0005
-5.000E-0002, 1.24086E-0005
-5.100E-0002, 1.23933E-0005
-5.200E-0002, 1.23994E-0005
-5.300E-0002, 1.24025E-0005
-5.400E-0002, 1.24025E-0005
-5.500E-0002, 1.24025E-0005
-5.600E-0002, 1.24025E-0005
-5.700E-0002, 1.23964E-0005
-5.800E-0002, 1.23994E-0005
-5.900E-0002, 1.23933E-0005
-6.000E-0002, 1.23994E-0005
-6.100E-0002, 1.23964E-0005
-6.200E-0002, 1.23964E-0005
-6.300E-0002, 1.23964E-0005
-6.400E-0002, 1.23994E-0005
-6.500E-0002, 1.23964E-0005
-6.600E-0002, 1.23964E-0005
-6.700E-0002, 1.24025E-0005
-6.800E-0002, 1.24055E-0005
-6.900E-0002, 1.24147E-0005
-7.000E-0002, 1.24086E-0005
-7.100E-0002, 1.24116E-0005
-7.200E-0002, 1.24147E-0005
-7.300E-0002, 1.24147E-0005
-7.400E-0002, 1.24208E-0005
-7.500E-0002, 1.24208E-0005
-7.600E-0002, 1.24269E-0005
-7.700E-0002, 1.24330E-0005
-7.800E-0002, 1.24269E-0005
-7.900E-0002, 1.24299E-0005
-8.000E-0002, 1.24361E-0005
-8.100E-0002, 1.24361E-0005
-8.200E-0002, 1.24422E-0005
-8.300E-0002, 1.24513E-0005
-8.400E-0002, 1.24422E-0005
-8.500E-0002, 1.24544E-0005
-8.600E-0002, 1.24605E-0005
-8.700E-0002, 1.24605E-0005
-8.800E-0002, 1.24666E-0005
-8.900E-0002, 1.24727E-0005
-9.000E-0002, 1.24727E-0005
-9.100E-0002, 1.24879E-0005
-9.200E-0002, 1.24910E-0005
-9.300E-0002, 1.24940E-0005
-9.400E-0002, 1.25001E-0005
-9.500E-0002, 1.25001E-0005
-9.600E-0002, 1.25093E-0005
-9.700E-0002, 1.25185E-0005
-9.800E-0002, 1.25215E-0005
-9.900E-0002, 1.25276E-0005
-1.000E-0001, 1.25368E-0005
-1.010E-0001, 1.25398E-0005
-1.020E-0001, 1.25551E-0005
-1.030E-0001, 1.25429E-0005
-1.040E-0001, 1.25673E-0005
-1.050E-0001, 1.25703E-0005
-1.060E-0001, 1.25764E-0005
-1.070E-0001, 1.25795E-0005
-1.080E-0001, 1.25917E-0005
-1.090E-0001, 1.26039E-0005
-1.100E-0001, 1.26070E-0005
-1.110E-0001, 1.26161E-0005
-1.120E-0001, 1.26222E-0005
-1.130E-0001, 1.26283E-0005
-1.140E-0001, 1.26375E-0005
-1.150E-0001, 1.26436E-0005
-1.160E-0001, 1.26558E-0005
-1.170E-0001, 1.26710E-0005
-1.180E-0001, 1.26741E-0005
-1.190E-0001, 1.26832E-0005
-1.200E-0001, 1.26894E-0005
-1.190E-0001, 1.26375E-0005
-1.180E-0001, 1.25154E-0005
-1.170E-0001, 1.23659E-0005
-1.160E-0001, 1.22224E-0005
-1.150E-0001, 1.20881E-0005
-1.140E-0001, 1.19813E-0005
-1.130E-0001, 1.18715E-0005
-1.120E-0001, 1.17769E-0005
-1.110E-0001, 1.16853E-0005
-1.100E-0001, 1.15999E-0005
-1.090E-0001, 1.15083E-0005
-1.080E-0001, 1.14290E-0005
-1.070E-0001, 1.13496E-0005
-1.060E-0001, 1.12703E-0005
-1.050E-0001, 1.12062E-0005
-1.040E-0001, 1.11329E-0005
-1.030E-0001, 1.10627E-0005
-1.020E-0001, 1.09925E-0005
-1.010E-0001, 1.09254E-0005
-1.000E-0001, 1.08613E-0005
-9.900E-0002, 1.07942E-0005
-9.800E-0002, 1.07301E-0005
-9.700E-0002, 1.06691E-0005
-9.600E-0002, 1.06111E-0005
-9.500E-0002, 1.05561E-0005
-9.400E-0002, 1.04921E-0005
-9.300E-0002, 1.04371E-0005
-9.200E-0002, 1.03761E-0005
-9.100E-0002, 1.03242E-0005
-9.000E-0002, 1.02632E-0005
-8.900E-0002, 1.02174E-0005
-8.800E-0002, 1.01625E-0005
-8.700E-0002, 1.01075E-0005
-8.600E-0002, 1.00617E-0005
-8.500E-0002, 1.00007E-0005
-8.400E-0002, 9.95193E-0006
-8.300E-0002, 9.90920E-0006
-8.200E-0002, 9.85122E-0006
-8.100E-0002, 9.80849E-0006
-8.000E-0002, 9.75967E-0006
-7.900E-0002, 9.71389E-0006
-7.800E-0002, 9.67421E-0006
-7.700E-0002, 9.61623E-0006
-7.600E-0002, 9.57656E-0006
-7.500E-0002, 9.53688E-0006
-7.400E-0002, 9.49416E-0006
-7.300E-0002, 9.45143E-0006
-7.200E-0002, 9.40566E-0006
-7.100E-0002, 9.35988E-0006
-7.000E-0002, 9.31715E-0006
-6.900E-0002, 9.27748E-0006
-6.800E-0002, 9.23476E-0006
-6.700E-0002, 9.19508E-0006
-6.600E-0002, 9.15236E-0006
-6.500E-0002, 9.11268E-0006
-6.400E-0002, 9.06691E-0006
-6.300E-0002, 9.03334E-0006
-6.200E-0002, 8.99061E-0006
-6.100E-0002, 8.96620E-0006
-6.000E-0002, 8.91737E-0006
-5.900E-0002, 8.88075E-0006
-5.800E-0002, 8.84718E-0006
-5.700E-0002, 8.80140E-0006
-5.600E-0002, 8.77088E-0006
-5.500E-0002, 8.73121E-0006
-5.400E-0002, 8.70069E-0006
-5.300E-0002, 8.65491E-0006
-5.200E-0002, 8.63050E-0006
-5.100E-0002, 8.58777E-0006
-5.000E-0002, 8.55420E-0006
-4.900E-0002, 8.51758E-0006
-4.800E-0002, 8.48096E-0006
-4.700E-0002, 8.44739E-0006
-4.600E-0002, 8.41382E-0006
-4.500E-0002, 8.38025E-0006
-4.400E-0002, 8.34363E-0006
-4.300E-0002, 8.31311E-0006
-4.200E-0002, 8.27649E-0006
-4.100E-0002, 8.24292E-0006
-4.000E-0002, 8.21545E-0006
-3.900E-0002, 8.18799E-0006
-3.800E-0002, 8.14831E-0006
-3.700E-0002, 8.12085E-0006
-3.600E-0002, 8.08728E-0006
-3.500E-0002, 8.05676E-0006
-3.400E-0002, 8.02929E-0006
-3.300E-0002, 7.99267E-0006
-3.200E-0002, 7.96520E-0006
-3.100E-0002, 7.93774E-0006
-3.000E-0002, 7.90417E-0006
-2.900E-0002, 7.87975E-0006
-2.800E-0002, 7.84924E-0006
-2.700E-0002, 7.81567E-0006
-2.600E-0002, 7.78820E-0006
-2.500E-0002, 7.76379E-0006
-2.400E-0002, 7.73022E-0006
-2.300E-0002, 7.70580E-0006
-2.200E-0002, 7.67528E-0006
-2.100E-0002, 7.64476E-0006
-2.000E-0002, 7.62340E-0006
-1.900E-0002, 7.58983E-0006
-1.800E-0002, 7.56237E-0006
-1.700E-0002, 7.53795E-0006
-1.600E-0002, 7.50743E-0006
-1.500E-0002, 7.47997E-0006
-1.400E-0002, 7.45250E-0006
-1.300E-0002, 7.42809E-0006
-1.200E-0002, 7.40367E-0006
-1.100E-0002, 7.37621E-0006
-1.000E-0002, 7.35484E-0006
-9.000E-0003, 7.32433E-0006
-8.000E-0003, 7.29381E-0006
-7.000E-0003, 7.27244E-0006
-6.000E-0003, 7.24193E-0006
-5.000E-0003, 7.22056E-0006
-4.000E-0003, 7.19615E-0006
-3.000E-0003, 7.16563E-0006
-2.000E-0003, 7.14122E-0006
-1.000E-0003, 7.11985E-0006
 0.000E+0000, 7.09239E-0006
 1.000E-0003, 7.07103E-0006
 2.000E-0003, 7.04661E-0006
 3.000E-0003, 7.01915E-0006
 4.000E-0003, 6.99473E-0006
 5.000E-0003, 6.97337E-0006
 6.000E-0003, 6.93980E-0006
 7.000E-0003, 6.91844E-0006
 8.000E-0003, 6.90318E-0006
 9.000E-0003, 6.87571E-0006
 1.000E-0002, 6.85435E-0006
 1.100E-0002, 6.83604E-0006
 1.200E-0002, 6.81162E-0006
 1.300E-0002, 6.78416E-0006
 1.400E-0002, 6.75974E-0006
 1.500E-0002, 6.73533E-0006
 1.600E-0002, 6.72007E-0006
 1.700E-0002, 6.68650E-0006
 1.800E-0002, 6.66819E-0006
 1.900E-0002, 6.65293E-0006
 2.000E-0002, 6.62241E-0006
 2.100E-0002, 6.59494E-0006
 2.200E-0002, 6.57663E-0006
 2.300E-0002, 6.55527E-0006
 2.400E-0002, 6.53086E-0006
 2.500E-0002, 6.50949E-0006
 2.600E-0002, 6.48508E-0006
 2.700E-0002, 6.46982E-0006
 2.800E-0002, 6.45151E-0006
 2.900E-0002, 6.42710E-0006
 3.000E-0002, 6.40573E-0006
 3.100E-0002, 6.38132E-0006
 3.200E-0002, 6.36301E-0006
 3.300E-0002, 6.33859E-0006
 3.400E-0002, 6.32333E-0006
 3.500E-0002, 6.29892E-0006
 3.600E-0002, 6.27145E-0006
 3.700E-0002, 6.25619E-0006
 3.800E-0002, 6.23178E-0006
 3.900E-0002, 6.21347E-0006
 4.000E-0002, 6.19211E-0006
 4.100E-0002, 6.17990E-0006
 4.200E-0002, 6.15243E-0006
 4.300E-0002, 6.12191E-0006
 4.400E-0002, 6.11581E-0006
 4.500E-0002, 6.08529E-0006
 4.600E-0002, 6.06393E-0006
 4.700E-0002, 6.04562E-0006
 4.800E-0002, 6.02121E-0006
 4.900E-0002, 6.01205E-0006
 5.000E-0002, 5.98153E-0006
 5.100E-0002, 5.96932E-0006
 5.200E-0002, 5.93881E-0006
 5.300E-0002, 5.92965E-0006
 5.400E-0002, 5.90218E-0006
 5.500E-0002, 5.88082E-0006
 5.600E-0002, 5.86861E-0006
 5.700E-0002, 5.84725E-0006
 5.800E-0002, 5.82284E-0006
 5.900E-0002, 5.81368E-0006
 6.000E-0002, 5.78927E-0006
 6.100E-0002, 5.76791E-0006
 6.200E-0002, 5.74349E-0006
 6.300E-0002, 5.72213E-0006
 6.400E-0002, 5.70687E-0006
 6.500E-0002, 5.68551E-0006
 6.600E-0002, 5.66720E-0006
 6.700E-0002, 5.64888E-0006
 6.800E-0002, 5.62447E-0006
 6.900E-0002, 5.61226E-0006
 7.000E-0002, 5.58785E-0006
 7.100E-0002, 5.56954E-0006
 7.200E-0002, 5.54818E-0006
 7.300E-0002, 5.52681E-0006
 7.400E-0002, 5.50850E-0006
 7.500E-0002, 5.49324E-0006
 7.600E-0002, 5.46883E-0006
 7.700E-0002, 5.45052E-0006
 7.800E-0002, 5.43526E-0006
 7.900E-0002, 5.41390E-0006
 8.000E-0002, 5.38643E-0006
 8.100E-0002, 5.37422E-0006
 8.200E-0002, 5.35591E-0006
 8.300E-0002, 5.33150E-0006
 8.400E-0002, 5.31013E-0006
 8.500E-0002, 5.29488E-0006
 8.600E-0002, 5.27351E-0006
 8.700E-0002, 5.25520E-0006
 8.800E-0002, 5.23079E-0006
 8.900E-0002, 5.21553E-0006
 9.000E-0002, 5.19417E-0006
 9.100E-0002, 5.18196E-0006
 9.200E-0002, 5.16060E-0006
 9.300E-0002, 5.13923E-0006
 9.400E-0002, 5.11482E-0006
 9.500E-0002, 5.09651E-0006
 9.600E-0002, 5.08125E-0006
 9.700E-0002, 5.05989E-0006
 9.800E-0002, 5.03547E-0006
 9.900E-0002, 5.01716E-0006
 1.000E-0001, 4.99580E-0006
 1.010E-0001, 4.97749E-0006
 1.020E-0001, 4.95307E-0006
 1.030E-0001, 4.93781E-0006
 1.040E-0001, 4.92256E-0006
 1.050E-0001, 4.90119E-0006
 1.060E-0001, 4.87678E-0006
 1.070E-0001, 4.86457E-0006
 1.080E-0001, 4.83710E-0006
 1.090E-0001, 4.82490E-0006
 1.100E-0001, 4.79743E-0006
 1.110E-0001, 4.77912E-0006
 1.120E-0001, 4.76081E-0006
 1.130E-0001, 4.73945E-0006
 1.140E-0001, 4.72114E-0006
 1.150E-0001, 4.70283E-0006
 1.160E-0001, 4.67841E-0006
 1.170E-0001, 4.65705E-0006
 1.180E-0001, 4.63569E-0006
 1.190E-0001, 4.61127E-0006
 1.200E-0001, 4.59601E-0006
 1.210E-0001, 4.56855E-0006
 1.220E-0001, 4.55024E-0006
 1.230E-0001, 4.52582E-0006
 1.240E-0001, 4.50751E-0006
 1.250E-0001, 4.48310E-0006
 1.260E-0001, 4.46173E-0006
 1.270E-0001, 4.44342E-0006
 1.280E-0001, 4.42206E-0006
 1.290E-0001, 4.39765E-0006
 1.300E-0001, 4.37933E-0006
 1.310E-0001, 4.35187E-0006
 1.320E-0001, 4.33051E-0006
 1.330E-0001, 4.31219E-0006
 1.340E-0001, 4.28473E-0006
 1.350E-0001, 4.26642E-0006
 1.360E-0001, 4.24200E-0006
 1.370E-0001, 4.21759E-0006
 1.380E-0001, 4.19317E-0006
 1.390E-0001, 4.15960E-0006
 1.400E-0001, 4.14129E-0006
 1.410E-0001, 4.11993E-0006
 1.420E-0001, 4.09552E-0006
 1.430E-0001, 4.06500E-0006
 1.440E-0001, 4.04058E-0006
 1.450E-0001, 4.01617E-0006
 1.460E-0001, 3.98565E-0006
 1.470E-0001, 3.96734E-0006
 1.480E-0001, 3.94598E-0006
 1.490E-0001, 3.91851E-0006
 1.500E-0001, 3.89105E-0006
 1.510E-0001, 3.86663E-0006
 1.520E-0001, 3.83611E-0006
 1.530E-0001, 3.81170E-0006
 1.540E-0001, 3.78118E-0006
 1.550E-0001, 3.75371E-0006
 1.560E-0001, 3.72930E-0006
 1.570E-0001, 3.69878E-0006
 1.580E-0001, 3.66826E-0006
 1.590E-0001, 3.64080E-0006
 1.600E-0001, 3.61028E-0006
 1.610E-0001, 3.58281E-0006
 1.620E-0001, 3.55230E-0006
 1.630E-0001, 3.51567E-0006
 1.640E-0001, 3.48821E-0006
 1.650E-0001, 3.45159E-0006
 1.660E-0001, 3.41802E-0006
 1.670E-0001, 3.38750E-0006
 1.680E-0001, 3.36003E-0006
 1.690E-0001, 3.32646E-0006
 1.700E-0001, 3.28984E-0006
 1.710E-0001, 3.25627E-0006
 1.720E-0001, 3.21355E-0006
 1.730E-0001, 3.18608E-0006
 1.740E-0001, 3.14335E-0006
 1.750E-0001, 3.11894E-0006
 1.760E-0001, 3.07621E-0006
 1.770E-0001, 3.04570E-0006
 1.780E-0001, 2.99992E-0006
 1.790E-0001, 2.96330E-0006
 1.800E-0001, 2.92973E-0006
 1.810E-0001, 2.88395E-0006
 1.820E-0001, 2.84733E-0006
 1.830E-0001, 2.80460E-0006
 1.840E-0001, 2.76188E-0006
 1.850E-0001, 2.72220E-0006
 1.860E-0001, 2.67643E-0006
 1.870E-0001, 2.63675E-0006
 1.880E-0001, 2.58793E-0006
 1.890E-0001, 2.53604E-0006
 1.900E-0001, 2.49637E-0006
 1.910E-0001, 2.44754E-0006
 1.920E-0001, 2.40177E-0006
 1.930E-0001, 2.35294E-0006
 1.940E-0001, 2.30411E-0006
 1.950E-0001, 2.25528E-0006
 1.960E-0001, 2.20645E-0006
 1.970E-0001, 2.14541E-0006
 1.980E-0001, 2.09658E-0006
 1.990E-0001, 2.05081E-0006
 2.000E-0001, 1.98672E-0006
 2.010E-0001, 1.93179E-0006
 2.020E-0001, 1.87991E-0006
 2.030E-0001, 1.81887E-0006
 2.040E-0001, 1.75478E-0006
 2.050E-0001, 1.70595E-0006
 2.060E-0001, 1.64492E-0006
 2.070E-0001, 1.58083E-0006
 2.080E-0001, 1.52285E-0006
 2.090E-0001, 1.45571E-0006
 2.100E-0001, 1.39467E-0006
 2.110E-0001, 1.33058E-0006
 2.120E-0001, 1.26039E-0006
 2.130E-0001, 1.19630E-0006
 2.140E-0001, 1.12916E-0006
 2.150E-0001, 1.06202E-0006
 2.160E-0001, 9.88784E-0007
 2.170E-0001, 9.15541E-0007
 2.180E-0001, 8.45349E-0007
 2.190E-0001, 7.72106E-0007
 2.200E-0001, 7.01915E-0007
 2.210E-0001, 6.16464E-0007
 2.220E-0001, 5.49324E-0007
 2.230E-0001, 4.73029E-0007
 2.240E-0001, 3.93682E-0007
 2.250E-0001, 3.20439E-0007
 2.260E-0001, 2.31937E-0007
 2.270E-0001, 1.52590E-0007
 2.280E-0001, 6.71396E-0008
 2.290E-0001,-1.52590E-0008
 2.300E-0001,-1.03761E-0007
 2.310E-0001,-1.86160E-0007
 2.320E-0001,-2.71610E-0007
 2.330E-0001,-3.60112E-0007
 2.340E-0001,-4.48615E-0007
 2.350E-0001,-5.37117E-0007
 2.360E-0001,-6.28671E-0007
 2.370E-0001,-7.11070E-0007
 2.380E-0001,-8.05676E-0007
 2.390E-0001,-9.00282E-0007
 2.400E-0001,-9.94888E-0007
 2.410E-0001,-1.08949E-0006
 2.420E-0001,-1.18410E-0006
 2.430E-0001,-1.28480E-0006
 2.440E-0001,-1.37636E-0006
 2.450E-0001,-1.46791E-0006
 2.460E-0001,-1.56862E-0006
 2.470E-0001,-1.66323E-0006
 2.480E-0001,-1.76699E-0006
 2.490E-0001,-1.86465E-0006
 2.500E-0001,-1.96231E-0006
 2.510E-0001,-2.06301E-0006
 2.520E-0001,-2.16372E-0006
 2.530E-0001,-2.25833E-0006
 2.540E-0001,-2.35904E-0006
 2.550E-0001,-2.46585E-0006
 2.560E-0001,-2.56656E-0006
 2.570E-0001,-2.66727E-0006
 2.580E-0001,-2.76188E-0006
 2.590E-0001,-2.86564E-0006
 2.600E-0001,-2.96330E-0006
 2.610E-0001,-3.07011E-0006
 2.620E-0001,-3.16472E-0006
 2.630E-0001,-3.26543E-0006
 2.640E-0001,-3.37224E-0006
 2.650E-0001,-3.47295E-0006
 2.660E-0001,-3.57061E-0006
 2.670E-0001,-3.67132E-0006
 2.680E-0001,-3.77203E-0006
 2.690E-0001,-3.86358E-0006
 2.700E-0001,-3.96124E-0006
 2.710E-0001,-4.05584E-0006
 2.720E-0001,-4.15655E-0006
 2.730E-0001,-4.25116E-0006
 2.740E-0001,-4.35492E-0006
 2.750E-0001,-4.44342E-0006
 2.760E-0001,-4.53498E-0006
 2.770E-0001,-4.62348E-0006
 2.780E-0001,-4.72114E-0006
 2.790E-0001,-4.81269E-0006
 2.800E-0001,-4.90119E-0006
 2.810E-0001,-4.99580E-0006
 2.820E-0001,-5.08125E-0006
 2.830E-0001,-5.16670E-0006
 2.840E-0001,-5.25520E-0006
 2.850E-0001,-5.34370E-0006
 2.860E-0001,-5.42000E-0006
 2.870E-0001,-5.50545E-0006
 2.880E-0001,-5.58480E-0006
 2.890E-0001,-5.67330E-0006
 2.900E-0001,-5.75265E-0006
 2.910E-0001,-5.82894E-0006
 2.920E-0001,-5.91439E-0006
 2.930E-0001,-5.98458E-0006
 2.940E-0001,-6.06088E-0006
 2.950E-0001,-6.13107E-0006
 2.960E-0001,-6.20737E-0006
 2.970E-0001,-6.27756E-0006
 2.980E-0001,-6.34470E-0006
 2.990E-0001,-6.42099E-0006
 3.000E-0001,-6.48203E-0006
 3.010E-0001,-6.55222E-0006
 3.020E-0001,-6.61631E-0006
 3.030E-0001,-6.68650E-0006
 3.040E-0001,-6.74753E-0006
 3.050E-0001,-6.81162E-0006
 3.060E-0001,-6.86655E-0006
 3.070E-0001,-6.92454E-0006
 3.080E-0001,-6.97947E-0006
 3.090E-0001,-7.03746E-0006
 3.100E-0001,-7.09849E-0006
 3.110E-0001,-7.14732E-0006
 3.120E-0001,-7.19615E-0006
 3.130E-0001,-7.25413E-0006
 3.140E-0001,-7.29991E-0006
 3.150E-0001,-7.34569E-0006
 3.160E-0001,-7.40062E-0006
 3.170E-0001,-7.44029E-0006
 3.180E-0001,-7.48607E-0006
 3.190E-0001,-7.53185E-0006
 3.200E-0001,-7.57457E-0006
 3.210E-0001,-7.61730E-0006
 3.220E-0001,-7.65697E-0006
 3.230E-0001,-7.69665E-0006
 3.240E-0001,-7.73632E-0006
 3.250E-0001,-7.77294E-0006
 3.260E-0001,-7.80346E-0006
 3.270E-0001,-7.83398E-0006
 3.280E-0001,-7.87060E-0006
 3.290E-0001,-7.90112E-0006
 3.300E-0001,-7.93469E-0006
 3.310E-0001,-7.96520E-0006
 3.320E-0001,-7.99877E-0006
 3.330E-0001,-8.02014E-0006
 3.340E-0001,-8.04455E-0006
 3.350E-0001,-8.07812E-0006
 3.360E-0001,-8.09643E-0006
 3.370E-0001,-8.11779E-0006
 3.380E-0001,-8.15136E-0006
 3.390E-0001,-8.16662E-0006
 3.400E-0001,-8.19409E-0006
 3.410E-0001,-8.20935E-0006
 3.420E-0001,-8.23071E-0006
 3.430E-0001,-8.24902E-0006
 3.440E-0001,-8.27038E-0006
 3.450E-0001,-8.28870E-0006
 3.460E-0001,-8.31006E-0006
 3.470E-0001,-8.31921E-0006
 3.480E-0001,-8.32837E-0006
 3.490E-0001,-8.34668E-0006
 3.500E-0001,-8.35889E-0006
 3.510E-0001,-8.37415E-0006
 3.520E-0001,-8.38635E-0006
 3.530E-0001,-8.38941E-0006
 3.540E-0001,-8.40161E-0006
 3.550E-0001,-8.40772E-0006
 3.560E-0001,-8.42298E-0006
 3.570E-0001,-8.43823E-0006
 3.580E-0001,-8.43823E-0006
 3.590E-0001,-8.44739E-0006
 3.600E-0001,-8.45349E-0006
 3.610E-0001,-8.45654E-0006
 3.620E-0001,-8.45960E-0006
 3.630E-0001,-8.47486E-0006
 3.640E-0001,-8.47180E-0006
 3.650E-0001,-8.47486E-0006
 3.660E-0001,-8.47791E-0006
 3.670E-0001,-8.48706E-0006
 3.680E-0001,-8.48401E-0006
 3.690E-0001,-8.48706E-0006
 3.700E-0001,-8.48096E-0006
 3.710E-0001,-8.48706E-0006
 3.720E-0001,-8.48706E-0006
 3.730E-0001,-8.48401E-0006
 3.740E-0001,-8.48096E-0006
 3.750E-0001,-8.48096E-0006
 3.760E-0001,-8.47791E-0006
 3.770E-0001,-8.48401E-0006
 3.780E-0001,-8.48096E-0006
 3.790E-0001,-8.46875E-0006
 3.800E-0001,-8.46875E-0006
 3.810E-0001,-8.46875E-0006
 3.820E-0001,-8.46570E-0006
 3.830E-0001,-8.45960E-0006
 3.840E-0001,-8.45349E-0006
 3.850E-0001,-8.44739E-0006
 3.860E-0001,-8.43823E-0006
 3.870E-0001,-8.43213E-0006
 3.880E-0001,-8.42603E-0006
 3.890E-0001,-8.41992E-0006
 3.900E-0001,-8.41687E-0006
 3.910E-0001,-8.40772E-0006
 3.920E-0001,-8.39856E-0006
 3.930E-0001,-8.38941E-0006
 3.940E-0001,-8.38941E-0006
 3.950E-0001,-8.37109E-0006
 3.960E-0001,-8.36804E-0006
 3.970E-0001,-8.36499E-0006
 3.980E-0001,-8.34973E-0006
 3.990E-0001,-8.34363E-0006
 4.000E-0001,-8.32837E-0006
 4.010E-0001,-8.31616E-0006
 4.020E-0001,-8.31311E-0006
 4.030E-0001,-8.30090E-0006
 4.040E-0001,-8.29175E-0006
 4.050E-0001,-8.27344E-0006
 4.060E-0001,-8.26733E-0006
 4.070E-0001,-8.25818E-0006
 4.080E-0001,-8.24597E-0006
 4.090E-0001,-8.23682E-0006
 4.100E-0001,-8.22156E-0006
 4.110E-0001,-8.20019E-0006
 4.120E-0001,-8.18799E-0006
 4.130E-0001,-8.18493E-0006
 4.140E-0001,-8.17273E-0006
 4.150E-0001,-8.15747E-0006
 4.160E-0001,-8.14831E-0006
 4.170E-0001,-8.13611E-0006
 4.180E-0001,-8.12390E-0006
 4.190E-0001,-8.10864E-0006
 4.200E-0001,-8.09643E-0006
 4.210E-0001,-8.08422E-0006
 4.220E-0001,-8.06897E-0006
 4.230E-0001,-8.05676E-0006
 4.240E-0001,-8.04455E-0006
 4.250E-0001,-8.02929E-0006
 4.260E-0001,-8.01709E-0006
 4.270E-0001,-8.00488E-0006
 4.280E-0001,-7.98657E-0006
 4.290E-0001,-7.97436E-0006
 4.300E-0001,-7.95605E-0006
 4.310E-0001,-7.94995E-0006
 4.320E-0001,-7.93469E-0006
 4.330E-0001,-7.92248E-0006
 4.340E-0001,-7.90417E-0006
 4.350E-0001,-7.89196E-0006
 4.360E-0001,-7.87670E-0006
 4.370E-0001,-7.85534E-0006
 4.380E-0001,-7.84618E-0006
 4.390E-0001,-7.82787E-0006
 4.400E-0001,-7.82177E-0006
 4.410E-0001,-7.80651E-0006
 4.420E-0001,-7.79125E-0006
 4.430E-0001,-7.77904E-0006
 4.440E-0001,-7.76379E-0006
 4.450E-0001,-7.74242E-0006
 4.460E-0001,-7.73022E-0006
 4.470E-0001,-7.71190E-0006
 4.480E-0001,-7.69970E-0006
 4.490E-0001,-7.67833E-0006
 4.500E-0001,-7.66613E-0006
 4.510E-0001,-7.65087E-0006
 4.520E-0001,-7.63561E-0006
 4.530E-0001,-7.62645E-0006
 4.540E-0001,-7.60509E-0006
 4.550E-0001,-7.59594E-0006
 4.560E-0001,-7.57763E-0006
 4.570E-0001,-7.55626E-0006
 4.580E-0001,-7.55016E-0006
 4.590E-0001,-7.52880E-0006
 4.600E-0001,-7.51964E-0006
 4.610E-0001,-7.50133E-0006
 4.620E-0001,-7.48607E-0006
 4.630E-0001,-7.47386E-0006
 4.640E-0001,-7.45250E-0006
 4.650E-0001,-7.44029E-0006
 4.660E-0001,-7.42198E-0006
 4.670E-0001,-7.40978E-0006
 4.680E-0001,-7.39147E-0006
 4.690E-0001,-7.37010E-0006
 4.700E-0001,-7.36095E-0006
 4.710E-0001,-7.33958E-0006
 4.720E-0001,-7.32433E-0006
 4.730E-0001,-7.30907E-0006
 4.740E-0001,-7.29686E-0006
 4.750E-0001,-7.27550E-0006
 4.760E-0001,-7.26634E-0006
 4.770E-0001,-7.24193E-0006
 4.780E-0001,-7.22667E-0006
 4.790E-0001,-7.21141E-0006
 4.800E-0001,-7.19310E-0006
 4.810E-0001,-7.17479E-0006
 4.820E-0001,-7.16563E-0006
 4.830E-0001,-7.15037E-0006
 4.840E-0001,-7.12596E-0006
 4.850E-0001,-7.11070E-0006
 4.860E-0001,-7.10154E-0006
 4.870E-0001,-7.08018E-0006
 4.880E-0001,-7.06492E-0006
 4.890E-0001,-7.04051E-0006
 4.900E-0001,-7.02830E-0006
 4.910E-0001,-7.01304E-0006
 4.920E-0001,-6.99473E-0006
 4.930E-0001,-6.97947E-0006
 4.940E-0001,-6.96421E-0006
 4.950E-0001,-6.94895E-0006
 4.960E-0001,-6.93369E-0006
 4.970E-0001,-6.91233E-0006
 4.980E-0001,-6.89402E-0006
 4.990E-0001,-6.87876E-0006
 5.000E-0001,-6.86045E-0006
 5.010E-0001,-6.84824E-0006
 5.020E-0001,-6.82688E-0006
 5.030E-0001,-6.81162E-0006
 5.040E-0001,-6.79331E-0006
 5.050E-0001,-6.77805E-0006
 5.060E-0001,-6.76279E-0006
 5.070E-0001,-6.74753E-0006
 5.080E-0001,-6.72922E-0006
 5.090E-0001,-6.71396E-0006
 5.100E-0001,-6.69871E-0006
 5.110E-0001,-6.68039E-0006
 5.120E-0001,-6.66208E-0006
 5.130E-0001,-6.64682E-0006
 5.140E-0001,-6.63157E-0006
 5.150E-0001,-6.61326E-0006
 5.160E-0001,-6.59800E-0006
 5.170E-0001,-6.58274E-0006
 5.180E-0001,-6.56137E-0006
 5.190E-0001,-6.54917E-0006
 5.200E-0001,-6.52475E-0006
 5.210E-0001,-6.51255E-0006
 5.220E-0001,-6.49423E-0006
 5.230E-0001,-6.48203E-0006
 5.240E-0001,-6.46372E-0006
 5.250E-0001,-6.44235E-0006
 5.260E-0001,-6.43015E-0006
 5.270E-0001,-6.41184E-0006
 5.280E-0001,-6.39353E-0006
 5.290E-0001,-6.37827E-0006
 5.300E-0001,-6.36606E-0006
 5.310E-0001,-6.34775E-0006
 5.320E-0001,-6.33554E-0006
 5.330E-0001,-6.31418E-0006
 5.340E-0001,-6.29892E-0006
 5.350E-0001,-6.28976E-0006
 5.360E-0001,-6.26535E-0006
 5.370E-0001,-6.25009E-0006
 5.380E-0001,-6.23483E-0006
 5.390E-0001,-6.21957E-0006
 5.400E-0001,-6.20126E-0006
 5.410E-0001,-6.19211E-0006
 5.420E-0001,-6.17380E-0006
 5.430E-0001,-6.15243E-0006
 5.440E-0001,-6.13717E-0006
 5.450E-0001,-6.12497E-0006
 5.460E-0001,-6.11276E-0006
 5.470E-0001,-6.09140E-0006
 5.480E-0001,-6.07309E-0006
 5.490E-0001,-6.06393E-0006
 5.500E-0001,-6.04257E-0006
 5.510E-0001,-6.03036E-0006
 5.520E-0001,-6.01205E-0006
 5.530E-0001,-6.00289E-0006
 5.540E-0001,-5.98458E-0006
 5.550E-0001,-5.96627E-0006
 5.560E-0001,-5.95712E-0006
 5.570E-0001,-5.93881E-0006
 5.580E-0001,-5.92050E-0006
 5.590E-0001,-5.91134E-0006
 5.600E-0001,-5.89608E-0006
 5.610E-0001,-5.87777E-0006
 5.620E-0001,-5.86556E-0006
 5.630E-0001,-5.84725E-0006
 5.640E-0001,-5.83504E-0006
 5.650E-0001,-5.82589E-0006
 5.660E-0001,-5.80453E-0006
 5.670E-0001,-5.79232E-0006
 5.680E-0001,-5.78316E-0006
 5.690E-0001,-5.76485E-0006
 5.700E-0001,-5.74654E-0006
 5.710E-0001,-5.73128E-0006
 5.720E-0001,-5.72823E-0006
 5.730E-0001,-5.70992E-0006
 5.740E-0001,-5.69771E-0006
 5.750E-0001,-5.67940E-0006
 5.760E-0001,-5.66414E-0006
 5.770E-0001,-5.65194E-0006
 5.780E-0001,-5.63668E-0006
 5.790E-0001,-5.61837E-0006
 5.800E-0001,-5.61532E-0006
 5.810E-0001,-5.59700E-0006
 5.820E-0001,-5.59090E-0006
 5.830E-0001,-5.57259E-0006
 5.840E-0001,-5.56649E-0006
 5.850E-0001,-5.54818E-0006
 5.860E-0001,-5.53902E-0006
 5.870E-0001,-5.51461E-0006
 5.880E-0001,-5.51155E-0006
 5.890E-0001,-5.49324E-0006
 5.900E-0001,-5.47798E-0006
 5.910E-0001,-5.46578E-0006
 5.920E-0001,-5.45662E-0006
 5.930E-0001,-5.45052E-0006
 5.940E-0001,-5.43221E-0006
 5.950E-0001,-5.42305E-0006
 5.960E-0001,-5.40474E-0006
 5.970E-0001,-5.40474E-0006
 5.980E-0001,-5.38643E-0006
 5.990E-0001,-5.37117E-0006
 6.000E-0001,-5.36812E-0006
 6.010E-0001,-5.35286E-0006
 6.020E-0001,-5.34370E-0006
 6.030E-0001,-5.33150E-0006
 6.040E-0001,-5.31319E-0006
 6.050E-0001,-5.30708E-0006
 6.060E-0001,-5.29488E-0006
 6.070E-0001,-5.28572E-0006
 6.080E-0001,-5.27962E-0006
 6.090E-0001,-5.26131E-0006
 6.100E-0001,-5.24910E-0006
 6.110E-0001,-5.24910E-0006
 6.120E-0001,-5.23689E-0006
 6.130E-0001,-5.22163E-0006
 6.140E-0001,-5.21248E-0006
 6.150E-0001,-5.20027E-0006
 6.160E-0001,-5.19111E-0006
 6.170E-0001,-5.18501E-0006
 6.180E-0001,-5.17586E-0006
 6.190E-0001,-5.16365E-0006
 6.200E-0001,-5.15449E-0006
 6.210E-0001,-5.13618E-0006
 6.220E-0001,-5.13313E-0006
 6.230E-0001,-5.12397E-0006
 6.240E-0001,-5.11177E-0006
 6.250E-0001,-5.10261E-0006
 6.260E-0001,-5.09651E-0006
 6.270E-0001,-5.08735E-0006
 6.280E-0001,-5.07209E-0006
 6.290E-0001,-5.06599E-0006
 6.300E-0001,-5.05683E-0006
 6.310E-0001,-5.05378E-0006
 6.320E-0001,-5.04158E-0006
 6.330E-0001,-5.03852E-0006
 6.340E-0001,-5.02937E-0006
 6.350E-0001,-5.02327E-0006
 6.360E-0001,-5.01411E-0006
 6.370E-0001,-5.00495E-0006
 6.380E-0001,-4.99885E-0006
 6.390E-0001,-4.98664E-0006
 6.400E-0001,-4.97749E-0006
 6.410E-0001,-4.97138E-0006
 6.420E-0001,-4.96223E-0006
 6.430E-0001,-4.95307E-0006
 6.440E-0001,-4.94697E-0006
 6.450E-0001,-4.94087E-0006
 6.460E-0001,-4.93476E-0006
 6.470E-0001,-4.92561E-0006
 6.480E-0001,-4.91645E-0006
 6.490E-0001,-4.91035E-0006
 6.500E-0001,-4.90119E-0006
 6.510E-0001,-4.89509E-0006
 6.520E-0001,-4.89204E-0006
 6.530E-0001,-4.87983E-0006
 6.540E-0001,-4.87678E-0006
 6.550E-0001,-4.86762E-0006
 6.560E-0001,-4.86457E-0006
 6.570E-0001,-4.86152E-0006
 6.580E-0001,-4.85847E-0006
 6.590E-0001,-4.85236E-0006
 6.600E-0001,-4.84626E-0006
 6.610E-0001,-4.84016E-0006
 6.620E-0001,-4.82795E-0006
 6.630E-0001,-4.82490E-0006
 6.640E-0001,-4.82185E-0006
 6.650E-0001,-4.81574E-0006
 6.660E-0001,-4.81574E-0006
 6.670E-0001,-4.80659E-0006
 6.680E-0001,-4.79743E-0006
 6.690E-0001,-4.79438E-0006
 6.700E-0001,-4.79133E-0006
 6.710E-0001,-4.77912E-0006
 6.720E-0001,-4.77912E-0006
 6.730E-0001,-4.77302E-0006
 6.740E-0001,-4.76997E-0006
 6.750E-0001,-4.76081E-0006
 6.760E-0001,-4.75776E-0006
 6.770E-0001,-4.75776E-0006
 6.780E-0001,-4.74860E-0006
 6.790E-0001,-4.74860E-0006
 6.800E-0001,-4.73334E-0006
 6.810E-0001,-4.73334E-0006
 6.820E-0001,-4.73334E-0006
 6.830E-0001,-4.72724E-0006
 6.840E-0001,-4.72724E-0006
 6.850E-0001,-4.72114E-0006
 6.860E-0001,-4.71808E-0006
 6.870E-0001,-4.71808E-0006
 6.880E-0001,-4.71808E-0006
 6.890E-0001,-4.71198E-0006
 6.900E-0001,-4.71198E-0006
 6.910E-0001,-4.70588E-0006
 6.920E-0001,-4.69977E-0006
 6.930E-0001,-4.69672E-0006
 6.940E-0001,-4.69062E-0006
 6.950E-0001,-4.69367E-0006
 6.960E-0001,-4.69062E-0006
 6.970E-0001,-4.68757E-0006
 6.980E-0001,-4.67841E-0006
 6.990E-0001,-4.67841E-0006
 7.000E-0001,-4.67536E-0006
 7.010E-0001,-4.66926E-0006
 7.020E-0001,-4.67231E-0006
 7.030E-0001,-4.66926E-0006
 7.040E-0001,-4.66620E-0006
 7.050E-0001,-4.66620E-0006
 7.060E-0001,-4.66315E-0006
 7.070E-0001,-4.65705E-0006
 7.080E-0001,-4.66315E-0006
 7.090E-0001,-4.65705E-0006
 7.100E-0001,-4.65400E-0006
 7.110E-0001,-4.65705E-0006
 7.120E-0001,-4.65400E-0006
 7.130E-0001,-4.65094E-0006
 7.140E-0001,-4.65094E-0006
 7.150E-0001,-4.64789E-0006
 7.160E-0001,-4.64789E-0006
 7.170E-0001,-4.64484E-0006
 7.180E-0001,-4.64789E-0006
 7.190E-0001,-4.64179E-0006
 7.200E-0001,-4.63263E-0006
 7.210E-0001,-4.63874E-0006
 7.220E-0001,-4.64484E-0006
 7.230E-0001,-4.63874E-0006
 7.240E-0001,-4.64179E-0006
 7.250E-0001,-4.64484E-0006
 7.260E-0001,-4.64179E-0006
 7.270E-0001,-4.64179E-0006
 7.280E-0001,-4.63874E-0006
 7.290E-0001,-4.64179E-0006
 7.300E-0001,-4.63874E-0006
 7.310E-0001,-4.63569E-0006
 7.320E-0001,-4.63263E-0006
 7.330E-0001,-4.63874E-0006
 7.340E-0001,-4.63874E-0006
 7.350E-0001,-4.63569E-0006
 7.360E-0001,-4.63874E-0006
 7.370E-0001,-4.63874E-0006
 7.380E-0001,-4.64789E-0006
 7.390E-0001,-4.64484E-0006
 7.400E-0001,-4.64484E-0006
 7.410E-0001,-4.65094E-0006
 7.420E-0001,-4.64789E-0006
 7.430E-0001,-4.64789E-0006
 7.440E-0001,-4.65094E-0006
 7.450E-0001,-4.64789E-0006
 7.460E-0001,-4.65705E-0006
 7.470E-0001,-4.65400E-0006
 7.480E-0001,-4.65400E-0006
 7.490E-0001,-4.66010E-0006
 7.500E-0001,-4.66010E-0006
 7.510E-0001,-4.66620E-0006
 7.520E-0001,-4.66315E-0006
 7.530E-0001,-4.66315E-0006
 7.540E-0001,-4.66315E-0006
 7.550E-0001,-4.66926E-0006
 7.560E-0001,-4.66620E-0006
 7.570E-0001,-4.66315E-0006
 7.580E-0001,-4.67231E-0006
 7.590E-0001,-4.66315E-0006
 7.600E-0001,-4.66926E-0006
 7.610E-0001,-4.67841E-0006
 7.620E-0001,-4.67231E-0006
 7.630E-0001,-4.67536E-0006
 7.640E-0001,-4.68146E-0006
 7.650E-0001,-4.68757E-0006
 7.660E-0001,-4.67841E-0006
 7.670E-0001,-4.68451E-0006
 7.680E-0001,-4.68146E-0006
 7.690E-0001,-4.68757E-0006
 7.700E-0001,-4.68451E-0006
 7.710E-0001,-4.68451E-0006
 7.720E-0001,-4.68757E-0006
 7.730E-0001,-4.69062E-0006
 7.740E-0001,-4.69367E-0006
 7.750E-0001,-4.69367E-0006
 7.760E-0001,-4.70283E-0006
 7.770E-0001,-4.70283E-0006
 7.780E-0001,-4.70283E-0006
 7.790E-0001,-4.70893E-0006
 7.800E-0001,-4.70588E-0006
 7.810E-0001,-4.71503E-0006
 7.820E-0001,-4.71503E-0006
 7.830E-0001,-4.71808E-0006
 7.840E-0001,-4.72419E-0006
 7.850E-0001,-4.73029E-0006
 7.860E-0001,-4.73029E-0006
 7.870E-0001,-4.73029E-0006
 7.880E-0001,-4.73640E-0006
 7.890E-0001,-4.74250E-0006
 7.900E-0001,-4.74555E-0006
 7.910E-0001,-4.74860E-0006
 7.920E-0001,-4.75165E-0006
 7.930E-0001,-4.75165E-0006
 7.940E-0001,-4.76386E-0006
 7.950E-0001,-4.76386E-0006
 7.960E-0001,-4.76691E-0006
 7.970E-0001,-4.76997E-0006
 7.980E-0001,-4.77607E-0006
 7.990E-0001,-4.78217E-0006
 8.000E-0001,-4.78217E-0006
