
 7.990E-0001,-6.40878E-0007
 7.980E-0001,-6.16464E-0007
 7.970E-0001,-5.98153E-0007
 7.960E-0001,-5.67635E-0007
 7.950E-0001,-5.40169E-0007
 7.940E-0001,-5.15754E-0007
 7.930E-0001,-4.88288E-0007
 7.920E-0001,-4.63874E-0007
 7.910E-0001,-4.42511E-0007
 7.900E-0001,-4.24200E-0007
 7.890E-0001,-4.08941E-0007
 7.880E-0001,-3.90630E-0007
 7.870E-0001,-3.72320E-0007
 7.860E-0001,-3.60112E-0007
 7.850E-0001,-3.50957E-0007
 7.840E-0001,-3.41802E-0007
 7.830E-0001,-3.26543E-0007
 7.820E-0001,-3.14335E-0007
 7.810E-0001,-3.05180E-0007
 7.800E-0001,-2.92973E-0007
 7.790E-0001,-2.80766E-0007
 7.780E-0001,-2.80766E-0007
 7.770E-0001,-2.68558E-0007
 7.760E-0001,-2.62455E-0007
 7.750E-0001,-2.56351E-0007
 7.740E-0001,-2.38040E-0007
 7.730E-0001,-2.34988E-0007
 7.720E-0001,-2.22781E-0007
 7.710E-0001,-2.22781E-0007
 7.700E-0001,-2.10574E-0007
 7.690E-0001,-2.01419E-0007
 7.680E-0001,-1.92263E-0007
 7.670E-0001,-1.95315E-0007
 7.660E-0001,-1.89211E-0007
 7.650E-0001,-1.83108E-0007
 7.640E-0001,-1.70901E-0007
 7.630E-0001,-1.67849E-0007
 7.620E-0001,-1.64797E-0007
 7.610E-0001,-1.49538E-0007
 7.600E-0001,-1.58693E-0007
 7.590E-0001,-1.40383E-0007
 7.580E-0001,-1.40383E-0007
 7.570E-0001,-1.37331E-0007
 7.560E-0001,-1.34279E-0007
 7.550E-0001,-1.34279E-0007
 7.540E-0001,-1.25123E-0007
 7.530E-0001,-1.19020E-0007
 7.520E-0001,-1.09864E-0007
 7.510E-0001,-1.12916E-0007
 7.500E-0001,-1.06813E-0007
 7.490E-0001,-1.09864E-0007
 7.480E-0001,-1.00709E-0007
 7.470E-0001,-1.00709E-0007
 7.460E-0001,-8.85023E-0008
 7.450E-0001,-8.23987E-0008
 7.440E-0001,-8.54505E-0008
 7.430E-0001,-8.23987E-0008
 7.420E-0001,-7.62951E-0008
 7.410E-0001,-7.62951E-0008
 7.400E-0001,-6.71396E-0008
 7.390E-0001,-6.40878E-0008
 7.380E-0001,-5.79842E-0008
 7.370E-0001,-5.49324E-0008
 7.360E-0001,-5.79842E-0008
 7.350E-0001,-5.79842E-0008
 7.340E-0001,-4.57770E-0008
 7.330E-0001,-4.88288E-0008
 7.320E-0001,-4.27252E-0008
 7.310E-0001,-4.57770E-0008
 7.300E-0001,-4.27252E-0008
 7.290E-0001,-3.66216E-0008
 7.280E-0001,-3.35698E-0008
 7.270E-0001,-3.05180E-0008
 7.260E-0001,-2.44144E-0008
 7.250E-0001,-2.74662E-0008
 7.240E-0001,-1.52590E-0008
 7.230E-0001,-1.83108E-0008
 7.220E-0001,-1.83108E-0008
 7.210E-0001,-1.52590E-0008
 7.200E-0001,-1.22072E-0008
 7.190E-0001,-9.15541E-0009
 7.180E-0001,-6.10360E-0009
 7.170E-0001,-3.05180E-0009
 7.160E-0001, 3.05180E-0009
 7.150E-0001, 3.05180E-0009
 7.140E-0001, 3.05180E-0009
 7.130E-0001, 3.05180E-0009
 7.120E-0001, 9.15541E-0009
 7.110E-0001, 1.22072E-0008
 7.100E-0001, 9.15541E-0009
 7.090E-0001, 1.22072E-0008
 7.080E-0001, 1.22072E-0008
 7.070E-0001, 1.83108E-0008
 7.060E-0001, 1.52590E-0008
 7.050E-0001, 2.44144E-0008
 7.040E-0001, 3.05180E-0008
 7.030E-0001, 2.13626E-0008
 7.020E-0001, 3.05180E-0008
 7.010E-0001, 3.05180E-0008
 7.000E-0001, 3.35698E-0008
 6.990E-0001, 3.35698E-0008
 6.980E-0001, 3.66216E-0008
 6.970E-0001, 3.66216E-0008
 6.960E-0001, 3.96734E-0008
 6.950E-0001, 3.96734E-0008
 6.940E-0001, 4.27252E-0008
 6.930E-0001, 4.27252E-0008
 6.920E-0001, 4.88288E-0008
 6.910E-0001, 4.88288E-0008
 6.900E-0001, 5.18806E-0008
 6.890E-0001, 5.18806E-0008
 6.880E-0001, 5.18806E-0008
 6.870E-0001, 4.88288E-0008
 6.860E-0001, 5.18806E-0008
 6.850E-0001, 5.49324E-0008
 6.840E-0001, 5.79842E-0008
 6.830E-0001, 5.79842E-0008
 6.820E-0001, 5.18806E-0008
 6.810E-0001, 5.49324E-0008
 6.800E-0001, 6.10360E-0008
 6.790E-0001, 6.71396E-0008
 6.780E-0001, 5.79842E-0008
 6.770E-0001, 6.40878E-0008
 6.760E-0001, 6.40878E-0008
 6.750E-0001, 6.71396E-0008
 6.740E-0001, 6.71396E-0008
 6.730E-0001, 6.40878E-0008
 6.720E-0001, 6.71396E-0008
 6.710E-0001, 6.40878E-0008
 6.700E-0001, 6.71396E-0008
 6.690E-0001, 6.71396E-0008
 6.680E-0001, 6.40878E-0008
 6.670E-0001, 7.01915E-0008
 6.660E-0001, 7.62951E-0008
 6.650E-0001, 7.62951E-0008
 6.640E-0001, 6.71396E-0008
 6.630E-0001, 7.01915E-0008
 6.620E-0001, 7.01915E-0008
 6.610E-0001, 7.01915E-0008
 6.600E-0001, 7.32433E-0008
 6.590E-0001, 7.62951E-0008
 6.580E-0001, 7.62951E-0008
 6.570E-0001, 7.62951E-0008
 6.560E-0001, 7.62951E-0008
 6.550E-0001, 7.32433E-0008
 6.540E-0001, 7.62951E-0008
 6.530E-0001, 7.93469E-0008
 6.520E-0001, 8.23987E-0008
 6.510E-0001, 8.85023E-0008
 6.500E-0001, 7.62951E-0008
 6.490E-0001, 8.54505E-0008
 6.480E-0001, 8.23987E-0008
 6.470E-0001, 8.23987E-0008
 6.460E-0001, 7.93469E-0008
 6.450E-0001, 8.85023E-0008
 6.440E-0001, 8.54505E-0008
 6.430E-0001, 8.23987E-0008
 6.420E-0001, 8.23987E-0008
 6.410E-0001, 8.85023E-0008
 6.400E-0001, 8.85023E-0008
 6.390E-0001, 9.15541E-0008
 6.380E-0001, 8.85023E-0008
 6.370E-0001, 9.46059E-0008
 6.360E-0001, 9.15541E-0008
 6.350E-0001, 8.85023E-0008
 6.340E-0001, 9.76577E-0008
 6.330E-0001, 9.46059E-0008
 6.320E-0001, 9.15541E-0008
 6.310E-0001, 9.15541E-0008
 6.300E-0001, 9.46059E-0008
 6.290E-0001, 9.46059E-0008
 6.280E-0001, 1.00709E-0007
 6.270E-0001, 1.03761E-0007
 6.260E-0001, 9.76577E-0008
 6.250E-0001, 1.00709E-0007
 6.240E-0001, 1.00709E-0007
 6.230E-0001, 1.06813E-0007
 6.220E-0001, 1.03761E-0007
 6.210E-0001, 1.03761E-0007
 6.200E-0001, 1.06813E-0007
 6.190E-0001, 1.12916E-0007
 6.180E-0001, 1.06813E-0007
 6.170E-0001, 1.06813E-0007
 6.160E-0001, 1.15968E-0007
 6.150E-0001, 1.09864E-0007
 6.140E-0001, 1.12916E-0007
 6.130E-0001, 1.15968E-0007
 6.120E-0001, 1.09864E-0007
 6.110E-0001, 1.06813E-0007
 6.100E-0001, 1.09864E-0007
 6.090E-0001, 1.15968E-0007
 6.080E-0001, 1.09864E-0007
 6.070E-0001, 1.12916E-0007
 6.060E-0001, 1.12916E-0007
 6.050E-0001, 1.06813E-0007
 6.040E-0001, 1.06813E-0007
 6.030E-0001, 1.15968E-0007
 6.020E-0001, 1.12916E-0007
 6.010E-0001, 1.15968E-0007
 6.000E-0001, 1.22072E-0007
 5.990E-0001, 1.15968E-0007
 5.980E-0001, 1.19020E-0007
 5.970E-0001, 1.19020E-0007
 5.960E-0001, 1.22072E-0007
 5.950E-0001, 1.19020E-0007
 5.940E-0001, 1.25123E-0007
 5.930E-0001, 1.25123E-0007
 5.920E-0001, 1.25123E-0007
 5.910E-0001, 1.25123E-0007
 5.900E-0001, 1.31227E-0007
 5.890E-0001, 1.28175E-0007
 5.880E-0001, 1.19020E-0007
 5.870E-0001, 1.25123E-0007
 5.860E-0001, 1.25123E-0007
 5.850E-0001, 1.31227E-0007
 5.840E-0001, 1.25123E-0007
 5.830E-0001, 1.25123E-0007
 5.820E-0001, 1.28175E-0007
 5.810E-0001, 1.28175E-0007
 5.800E-0001, 1.25123E-0007
 5.790E-0001, 1.31227E-0007
 5.780E-0001, 1.28175E-0007
 5.770E-0001, 1.25123E-0007
 5.760E-0001, 1.34279E-0007
 5.750E-0001, 1.31227E-0007
 5.740E-0001, 1.34279E-0007
 5.730E-0001, 1.37331E-0007
 5.720E-0001, 1.34279E-0007
 5.710E-0001, 1.37331E-0007
 5.700E-0001, 1.34279E-0007
 5.690E-0001, 1.37331E-0007
 5.680E-0001, 1.34279E-0007
 5.670E-0001, 1.37331E-0007
 5.660E-0001, 1.37331E-0007
 5.650E-0001, 1.40383E-0007
 5.640E-0001, 1.37331E-0007
 5.630E-0001, 1.37331E-0007
 5.620E-0001, 1.37331E-0007
 5.610E-0001, 1.40383E-0007
 5.600E-0001, 1.37331E-0007
 5.590E-0001, 1.40383E-0007
 5.580E-0001, 1.37331E-0007
 5.570E-0001, 1.37331E-0007
 5.560E-0001, 1.40383E-0007
 5.550E-0001, 1.43434E-0007
 5.540E-0001, 1.37331E-0007
 5.530E-0001, 1.43434E-0007
 5.520E-0001, 1.46486E-0007
 5.510E-0001, 1.40383E-0007
 5.500E-0001, 1.37331E-0007
 5.490E-0001, 1.40383E-0007
 5.480E-0001, 1.43434E-0007
 5.470E-0001, 1.46486E-0007
 5.460E-0001, 1.40383E-0007
 5.450E-0001, 1.43434E-0007
 5.440E-0001, 1.49538E-0007
 5.430E-0001, 1.49538E-0007
 5.420E-0001, 1.52590E-0007
 5.410E-0001, 1.49538E-0007
 5.400E-0001, 1.52590E-0007
 5.390E-0001, 1.46486E-0007
 5.380E-0001, 1.52590E-0007
 5.370E-0001, 1.46486E-0007
 5.360E-0001, 1.52590E-0007
 5.350E-0001, 1.52590E-0007
 5.340E-0001, 1.52590E-0007
 5.330E-0001, 1.55642E-0007
 5.320E-0001, 1.55642E-0007
 5.310E-0001, 1.55642E-0007
 5.300E-0001, 1.52590E-0007
 5.290E-0001, 1.58693E-0007
 5.280E-0001, 1.55642E-0007
 5.270E-0001, 1.58693E-0007
 5.260E-0001, 1.58693E-0007
 5.250E-0001, 1.61745E-0007
 5.240E-0001, 1.61745E-0007
 5.230E-0001, 1.55642E-0007
 5.220E-0001, 1.55642E-0007
 5.210E-0001, 1.58693E-0007
 5.200E-0001, 1.58693E-0007
 5.190E-0001, 1.61745E-0007
 5.180E-0001, 1.64797E-0007
 5.170E-0001, 1.58693E-0007
 5.160E-0001, 1.58693E-0007
 5.150E-0001, 1.58693E-0007
 5.140E-0001, 1.61745E-0007
 5.130E-0001, 1.67849E-0007
 5.120E-0001, 1.64797E-0007
 5.110E-0001, 1.64797E-0007
 5.100E-0001, 1.67849E-0007
 5.090E-0001, 1.64797E-0007
 5.080E-0001, 1.64797E-0007
 5.070E-0001, 1.67849E-0007
 5.060E-0001, 1.61745E-0007
 5.050E-0001, 1.70901E-0007
 5.040E-0001, 1.67849E-0007
 5.030E-0001, 1.70901E-0007
 5.020E-0001, 1.70901E-0007
 5.010E-0001, 1.70901E-0007
 5.000E-0001, 1.67849E-0007
 4.990E-0001, 1.67849E-0007
 4.980E-0001, 1.61745E-0007
 4.970E-0001, 1.67849E-0007
 4.960E-0001, 1.67849E-0007
 4.950E-0001, 1.67849E-0007
 4.940E-0001, 1.64797E-0007
 4.930E-0001, 1.70901E-0007
 4.920E-0001, 1.67849E-0007
 4.910E-0001, 1.73952E-0007
 4.900E-0001, 1.67849E-0007
 4.890E-0001, 1.67849E-0007
 4.880E-0001, 1.67849E-0007
 4.870E-0001, 1.70901E-0007
 4.860E-0001, 1.70901E-0007
 4.850E-0001, 1.67849E-0007
 4.840E-0001, 1.77004E-0007
 4.830E-0001, 1.80056E-0007
 4.820E-0001, 1.80056E-0007
 4.810E-0001, 1.73952E-0007
 4.800E-0001, 1.80056E-0007
 4.790E-0001, 1.77004E-0007
 4.780E-0001, 1.73952E-0007
 4.770E-0001, 1.73952E-0007
 4.760E-0001, 1.73952E-0007
 4.750E-0001, 1.73952E-0007
 4.740E-0001, 1.77004E-0007
 4.730E-0001, 1.80056E-0007
 4.720E-0001, 1.73952E-0007
 4.710E-0001, 1.77004E-0007
 4.700E-0001, 1.80056E-0007
 4.690E-0001, 1.86160E-0007
 4.680E-0001, 1.83108E-0007
 4.670E-0001, 1.80056E-0007
 4.660E-0001, 1.86160E-0007
 4.650E-0001, 1.86160E-0007
 4.640E-0001, 1.89211E-0007
 4.630E-0001, 1.86160E-0007
 4.620E-0001, 1.83108E-0007
 4.610E-0001, 1.86160E-0007
 4.600E-0001, 1.86160E-0007
 4.590E-0001, 1.86160E-0007
 4.580E-0001, 1.86160E-0007
 4.570E-0001, 1.89211E-0007
 4.560E-0001, 1.86160E-0007
 4.550E-0001, 1.80056E-0007
 4.540E-0001, 1.89211E-0007
 4.530E-0001, 1.89211E-0007
 4.520E-0001, 1.89211E-0007
 4.510E-0001, 1.89211E-0007
 4.500E-0001, 1.92263E-0007
 4.490E-0001, 2.04470E-0007
 4.480E-0001, 2.01419E-0007
 4.470E-0001, 2.01419E-0007
 4.460E-0001, 2.04470E-0007
 4.450E-0001, 2.04470E-0007
 4.440E-0001, 2.04470E-0007
 4.430E-0001, 2.07522E-0007
 4.420E-0001, 2.07522E-0007
 4.410E-0001, 2.07522E-0007
 4.400E-0001, 2.07522E-0007
 4.390E-0001, 2.07522E-0007
 4.380E-0001, 2.13626E-0007
 4.370E-0001, 2.13626E-0007
 4.360E-0001, 2.16678E-0007
 4.350E-0001, 2.13626E-0007
 4.340E-0001, 2.13626E-0007
 4.330E-0001, 2.13626E-0007
 4.320E-0001, 2.19729E-0007
 4.310E-0001, 2.22781E-0007
 4.300E-0001, 2.22781E-0007
 4.290E-0001, 2.28885E-0007
 4.280E-0001, 2.34988E-0007
 4.270E-0001, 2.34988E-0007
 4.260E-0001, 2.38040E-0007
 4.250E-0001, 2.41092E-0007
 4.240E-0001, 2.44144E-0007
 4.230E-0001, 2.38040E-0007
 4.220E-0001, 2.38040E-0007
 4.210E-0001, 2.44144E-0007
 4.200E-0001, 2.50247E-0007
 4.190E-0001, 2.53299E-0007
 4.180E-0001, 2.50247E-0007
 4.170E-0001, 2.53299E-0007
 4.160E-0001, 2.62455E-0007
 4.150E-0001, 2.68558E-0007
 4.140E-0001, 2.68558E-0007
 4.130E-0001, 2.77714E-0007
 4.120E-0001, 2.77714E-0007
 4.110E-0001, 2.77714E-0007
 4.100E-0001, 2.83817E-0007
 4.090E-0001, 2.86869E-0007
 4.080E-0001, 2.96025E-0007
 4.070E-0001, 2.96025E-0007
 4.060E-0001, 3.08232E-0007
 4.050E-0001, 3.11284E-0007
 4.040E-0001, 3.14335E-0007
 4.030E-0001, 3.20439E-0007
 4.020E-0001, 3.26543E-0007
 4.010E-0001, 3.32646E-0007
 4.000E-0001, 3.38750E-0007
 3.990E-0001, 3.35698E-0007
 3.980E-0001, 3.50957E-0007
 3.970E-0001, 3.54009E-0007
 3.960E-0001, 3.54009E-0007
 3.950E-0001, 3.69268E-0007
 3.940E-0001, 3.75371E-0007
 3.930E-0001, 3.78423E-0007
 3.920E-0001, 3.81475E-0007
 3.910E-0001, 3.90630E-0007
 3.900E-0001, 3.99786E-0007
 3.890E-0001, 4.15045E-0007
 3.880E-0001, 4.21149E-0007
 3.870E-0001, 4.27252E-0007
 3.860E-0001, 4.36408E-0007
 3.850E-0001, 4.45563E-0007
 3.840E-0001, 4.54718E-0007
 3.830E-0001, 4.66926E-0007
 3.820E-0001, 4.79133E-0007
 3.810E-0001, 4.88288E-0007
 3.800E-0001, 5.03547E-0007
 3.790E-0001, 5.18806E-0007
 3.780E-0001, 5.24910E-0007
 3.770E-0001, 5.34065E-0007
 3.760E-0001, 5.49324E-0007
 3.750E-0001, 5.61532E-0007
 3.740E-0001, 5.70687E-0007
 3.730E-0001, 5.92050E-0007
 3.720E-0001, 6.10360E-0007
 3.710E-0001, 6.22568E-0007
 3.700E-0001, 6.40878E-0007
 3.690E-0001, 6.53086E-0007
 3.680E-0001, 6.65293E-0007
 3.670E-0001, 6.83604E-0007
 3.660E-0001, 7.04966E-0007
 3.650E-0001, 7.26329E-0007
 3.640E-0001, 7.41588E-0007
 3.630E-0001, 7.69054E-0007
 3.620E-0001, 7.90417E-0007
 3.610E-0001, 8.02624E-0007
 3.600E-0001, 8.30090E-0007
 3.590E-0001, 8.51453E-0007
 3.580E-0001, 8.78919E-0007
 3.570E-0001, 9.00282E-0007
 3.560E-0001, 9.27748E-0007
 3.550E-0001, 9.55214E-0007
 3.540E-0001, 9.73525E-0007
 3.530E-0001, 1.00099E-0006
 3.520E-0001, 1.03150E-0006
 3.510E-0001, 1.05592E-0006
 3.500E-0001, 1.08949E-0006
 3.490E-0001, 1.12306E-0006
 3.480E-0001, 1.15358E-0006
 3.470E-0001, 1.18410E-0006
 3.460E-0001, 1.22987E-0006
 3.450E-0001, 1.26039E-0006
 3.440E-0001, 1.29701E-0006
 3.430E-0001, 1.33669E-0006
 3.420E-0001, 1.37941E-0006
 3.410E-0001, 1.41603E-0006
 3.400E-0001, 1.45876E-0006
 3.390E-0001, 1.49843E-0006
 3.380E-0001, 1.55031E-0006
 3.370E-0001, 1.58388E-0006
 3.360E-0001, 1.63271E-0006
 3.350E-0001, 1.68459E-0006
 3.340E-0001, 1.73342E-0006
 3.330E-0001, 1.78530E-0006
 3.320E-0001, 1.84328E-0006
 3.310E-0001, 1.89822E-0006
 3.300E-0001, 1.95010E-0006
 3.290E-0001, 2.01113E-0006
 3.280E-0001, 2.07217E-0006
 3.270E-0001, 2.13321E-0006
 3.260E-0001, 2.20035E-0006
 3.250E-0001, 2.25833E-0006
 3.240E-0001, 2.32852E-0006
 3.230E-0001, 2.39566E-0006
 3.220E-0001, 2.46585E-0006
 3.210E-0001, 2.53299E-0006
 3.200E-0001, 2.61234E-0006
 3.190E-0001, 2.69169E-0006
 3.180E-0001, 2.76798E-0006
 3.170E-0001, 2.85038E-0006
 3.160E-0001, 2.92973E-0006
 3.150E-0001, 3.01823E-0006
 3.140E-0001, 3.11284E-0006
 3.130E-0001, 3.19523E-0006
 3.120E-0001, 3.28984E-0006
 3.110E-0001, 3.38139E-0006
 3.100E-0001, 3.46684E-0006
 3.090E-0001, 3.57976E-0006
 3.080E-0001, 3.68352E-0006
 3.070E-0001, 3.78423E-0006
 3.060E-0001, 3.89105E-0006
 3.050E-0001, 4.00091E-0006
 3.040E-0001, 4.11383E-0006
 3.030E-0001, 4.22064E-0006
 3.020E-0001, 4.34576E-0006
 3.010E-0001, 4.46173E-0006
 3.000E-0001, 4.58381E-0006
 2.990E-0001, 4.70893E-0006
 2.980E-0001, 4.84016E-0006
 2.970E-0001, 4.97138E-0006
 2.960E-0001, 5.10261E-0006
 2.950E-0001, 5.23689E-0006
 2.940E-0001, 5.37727E-0006
 2.930E-0001, 5.51766E-0006
 2.920E-0001, 5.66109E-0006
 2.910E-0001, 5.81368E-0006
 2.900E-0001, 5.95712E-0006
 2.890E-0001, 6.11276E-0006
 2.880E-0001, 6.26840E-0006
 2.870E-0001, 6.41794E-0006
 2.860E-0001, 6.57358E-0006
 2.850E-0001, 6.73533E-0006
 2.840E-0001, 6.90928E-0006
 2.830E-0001, 7.07713E-0006
 2.820E-0001, 7.25108E-0006
 2.810E-0001, 7.42198E-0006
 2.800E-0001, 7.59899E-0006
 2.790E-0001, 7.78515E-0006
 2.780E-0001, 7.95910E-0006
 2.770E-0001, 8.14221E-0006
 2.760E-0001, 8.32532E-0006
 2.750E-0001, 8.50843E-0006
 2.740E-0001, 8.70679E-0006
 2.730E-0001, 8.89906E-0006
 2.720E-0001, 9.08522E-0006
 2.710E-0001, 9.29579E-0006
 2.700E-0001, 9.47280E-0006
 2.690E-0001, 9.68032E-0006
 2.680E-0001, 9.88479E-0006
 2.670E-0001, 1.00892E-0005
 2.660E-0001, 1.02906E-0005
 2.650E-0001, 1.04951E-0005
 2.640E-0001, 1.07057E-0005
 2.630E-0001, 1.09071E-0005
 2.620E-0001, 1.11177E-0005
 2.610E-0001, 1.13344E-0005
 2.600E-0001, 1.15419E-0005
 2.590E-0001, 1.17616E-0005
 2.580E-0001, 1.19722E-0005
 2.570E-0001, 1.21919E-0005
 2.560E-0001, 1.23964E-0005
 2.550E-0001, 1.26131E-0005
 2.540E-0001, 1.28267E-0005
 2.530E-0001, 1.30464E-0005
 2.520E-0001, 1.32600E-0005
 2.510E-0001, 1.34798E-0005
 2.500E-0001, 1.36995E-0005
 2.490E-0001, 1.39070E-0005
 2.480E-0001, 1.41237E-0005
 2.470E-0001, 1.43343E-0005
 2.460E-0001, 1.45510E-0005
 2.450E-0001, 1.47615E-0005
 2.440E-0001, 1.49721E-0005
 2.430E-0001, 1.51827E-0005
 2.420E-0001, 1.53963E-0005
 2.410E-0001, 1.55977E-0005
 2.400E-0001, 1.58022E-0005
 2.390E-0001, 1.60067E-0005
 2.380E-0001, 1.62111E-0005
 2.370E-0001, 1.64065E-0005
 2.360E-0001, 1.66140E-0005
 2.350E-0001, 1.68032E-0005
 2.340E-0001, 1.70046E-0005
 2.330E-0001, 1.71969E-0005
 2.320E-0001, 1.73922E-0005
 2.310E-0001, 1.75753E-0005
 2.300E-0001, 1.77615E-0005
 2.290E-0001, 1.79446E-0005
 2.280E-0001, 1.81216E-0005
 2.270E-0001, 1.83077E-0005
 2.260E-0001, 1.84817E-0005
 2.250E-0001, 1.86556E-0005
 2.240E-0001, 1.88235E-0005
 2.230E-0001, 1.89883E-0005
 2.220E-0001, 1.91500E-0005
 2.210E-0001, 1.93179E-0005
 2.200E-0001, 1.94674E-0005
 2.190E-0001, 1.96292E-0005
 2.180E-0001, 1.97787E-0005
 2.170E-0001, 1.99313E-0005
 2.160E-0001, 2.00778E-0005
 2.150E-0001, 2.02182E-0005
 2.140E-0001, 2.03494E-0005
 2.130E-0001, 2.04867E-0005
 2.120E-0001, 2.06240E-0005
 2.110E-0001, 2.07522E-0005
 2.100E-0001, 2.08712E-0005
 2.090E-0001, 2.09964E-0005
 2.080E-0001, 2.11062E-0005
 2.070E-0001, 2.12222E-0005
 2.060E-0001, 2.13321E-0005
 2.050E-0001, 2.14511E-0005
 2.040E-0001, 2.15518E-0005
 2.030E-0001, 2.16556E-0005
 2.020E-0001, 2.17563E-0005
 2.010E-0001, 2.18509E-0005
 2.000E-0001, 2.19394E-0005
 1.990E-0001, 2.20370E-0005
 1.980E-0001, 2.21164E-0005
 1.970E-0001, 2.22018E-0005
 1.960E-0001, 2.22812E-0005
 1.950E-0001, 2.23636E-0005
 1.940E-0001, 2.24338E-0005
 1.930E-0001, 2.25040E-0005
 1.920E-0001, 2.25741E-0005
 1.910E-0001, 2.26382E-0005
 1.900E-0001, 2.26962E-0005
 1.890E-0001, 2.27542E-0005
 1.880E-0001, 2.28122E-0005
 1.870E-0001, 2.28702E-0005
 1.860E-0001, 2.29159E-0005
 1.850E-0001, 2.29739E-0005
 1.840E-0001, 2.30136E-0005
 1.830E-0001, 2.30655E-0005
 1.820E-0001, 2.31021E-0005
 1.810E-0001, 2.31357E-0005
 1.800E-0001, 2.31692E-0005
 1.790E-0001, 2.32120E-0005
 1.780E-0001, 2.32425E-0005
 1.770E-0001, 2.32730E-0005
 1.760E-0001, 2.32974E-0005
 1.750E-0001, 2.33218E-0005
 1.740E-0001, 2.33493E-0005
 1.730E-0001, 2.33707E-0005
 1.720E-0001, 2.33920E-0005
 1.710E-0001, 2.34134E-0005
 1.700E-0001, 2.34225E-0005
 1.690E-0001, 2.34378E-0005
 1.680E-0001, 2.34470E-0005
 1.670E-0001, 2.34622E-0005
 1.660E-0001, 2.34683E-0005
 1.650E-0001, 2.34775E-0005
 1.640E-0001, 2.34775E-0005
 1.630E-0001, 2.34897E-0005
 1.620E-0001, 2.34897E-0005
 1.610E-0001, 2.34897E-0005
 1.600E-0001, 2.34988E-0005
 1.590E-0001, 2.34927E-0005
 1.580E-0001, 2.34897E-0005
 1.570E-0001, 2.34897E-0005
 1.560E-0001, 2.34836E-0005
 1.550E-0001, 2.34744E-0005
 1.540E-0001, 2.34744E-0005
 1.530E-0001, 2.34683E-0005
 1.520E-0001, 2.34592E-0005
 1.510E-0001, 2.34470E-0005
 1.500E-0001, 2.34439E-0005
 1.490E-0001, 2.34256E-0005
 1.480E-0001, 2.34164E-0005
 1.470E-0001, 2.34042E-0005
 1.460E-0001, 2.33951E-0005
 1.450E-0001, 2.33798E-0005
 1.440E-0001, 2.33615E-0005
 1.430E-0001, 2.33432E-0005
 1.420E-0001, 2.33218E-0005
 1.410E-0001, 2.33127E-0005
 1.400E-0001, 2.32944E-0005
 1.390E-0001, 2.32761E-0005
 1.380E-0001, 2.32578E-0005
 1.370E-0001, 2.32455E-0005
 1.360E-0001, 2.32242E-0005
 1.350E-0001, 2.31967E-0005
 1.340E-0001, 2.31784E-0005
 1.330E-0001, 2.31509E-0005
 1.320E-0001, 2.31387E-0005
 1.310E-0001, 2.31082E-0005
 1.300E-0001, 2.30869E-0005
 1.290E-0001, 2.30685E-0005
 1.280E-0001, 2.30441E-0005
 1.270E-0001, 2.30197E-0005
 1.260E-0001, 2.29983E-0005
 1.250E-0001, 2.29739E-0005
 1.240E-0001, 2.29495E-0005
 1.230E-0001, 2.29251E-0005
 1.220E-0001, 2.28976E-0005
 1.210E-0001, 2.28732E-0005
 1.200E-0001, 2.28458E-0005
 1.190E-0001, 2.28183E-0005
 1.180E-0001, 2.27969E-0005
 1.170E-0001, 2.27786E-0005
 1.160E-0001, 2.27481E-0005
 1.150E-0001, 2.27206E-0005
 1.140E-0001, 2.26932E-0005
 1.130E-0001, 2.26626E-0005
 1.120E-0001, 2.26413E-0005
 1.110E-0001, 2.26169E-0005
 1.100E-0001, 2.25833E-0005
 1.090E-0001, 2.25558E-0005
 1.080E-0001, 2.25314E-0005
 1.070E-0001, 2.25070E-0005
 1.060E-0001, 2.24765E-0005
 1.050E-0001, 2.24490E-0005
 1.040E-0001, 2.24277E-0005
 1.030E-0001, 2.23941E-0005
 1.020E-0001, 2.23666E-0005
 1.010E-0001, 2.23422E-0005
 1.000E-0001, 2.23147E-0005
 9.900E-0002, 2.22842E-0005
 9.800E-0002, 2.22598E-0005
 9.700E-0002, 2.22262E-0005
 9.600E-0002, 2.22079E-0005
 9.500E-0002, 2.21774E-0005
 9.400E-0002, 2.21530E-0005
 9.300E-0002, 2.21316E-0005
 9.200E-0002, 2.20950E-0005
 9.100E-0002, 2.20706E-0005
 9.000E-0002, 2.20431E-0005
 8.900E-0002, 2.20187E-0005
 8.800E-0002, 2.19882E-0005
 8.700E-0002, 2.19668E-0005
 8.600E-0002, 2.19363E-0005
 8.500E-0002, 2.19058E-0005
 8.400E-0002, 2.18844E-0005
 8.300E-0002, 2.18539E-0005
 8.200E-0002, 2.18356E-0005
 8.100E-0002, 2.17990E-0005
 8.000E-0002, 2.17807E-0005
 7.900E-0002, 2.17532E-0005
 7.800E-0002, 2.17166E-0005
 7.700E-0002, 2.16952E-0005
 7.600E-0002, 2.16708E-0005
 7.500E-0002, 2.16464E-0005
 7.400E-0002, 2.16189E-0005
 7.300E-0002, 2.15945E-0005
 7.200E-0002, 2.15671E-0005
 7.100E-0002, 2.15426E-0005
 7.000E-0002, 2.15152E-0005
 6.900E-0002, 2.14908E-0005
 6.800E-0002, 2.14663E-0005
 6.700E-0002, 2.14358E-0005
 6.600E-0002, 2.14114E-0005
 6.500E-0002, 2.13809E-0005
 6.400E-0002, 2.13656E-0005
 6.300E-0002, 2.13351E-0005
 6.200E-0002, 2.13168E-0005
 6.100E-0002, 2.12924E-0005
 6.000E-0002, 2.12588E-0005
 5.900E-0002, 2.12344E-0005
 5.800E-0002, 2.12130E-0005
 5.700E-0002, 2.11886E-0005
 5.600E-0002, 2.11673E-0005
 5.500E-0002, 2.11429E-0005
 5.400E-0002, 2.11123E-0005
 5.300E-0002, 2.10971E-0005
 5.200E-0002, 2.10757E-0005
 5.100E-0002, 2.10513E-0005
 5.000E-0002, 2.10238E-0005
 4.900E-0002, 2.10055E-0005
 4.800E-0002, 2.09719E-0005
 4.700E-0002, 2.09475E-0005
 4.600E-0002, 2.09323E-0005
 4.500E-0002, 2.09109E-0005
 4.400E-0002, 2.08834E-0005
 4.300E-0002, 2.08682E-0005
 4.200E-0002, 2.08438E-0005
 4.100E-0002, 2.08133E-0005
 4.000E-0002, 2.07980E-0005
 3.900E-0002, 2.07766E-0005
 3.800E-0002, 2.07583E-0005
 3.700E-0002, 2.07278E-0005
 3.600E-0002, 2.07034E-0005
 3.500E-0002, 2.06912E-0005
 3.400E-0002, 2.06668E-0005
 3.300E-0002, 2.06485E-0005
 3.200E-0002, 2.06240E-0005
 3.100E-0002, 2.05966E-0005
 3.000E-0002, 2.05752E-0005
 2.900E-0002, 2.05600E-0005
 2.800E-0002, 2.05416E-0005
 2.700E-0002, 2.05233E-0005
 2.600E-0002, 2.04989E-0005
 2.500E-0002, 2.04806E-0005
 2.400E-0002, 2.04623E-0005
 2.300E-0002, 2.04409E-0005
 2.200E-0002, 2.04226E-0005
 2.100E-0002, 2.03952E-0005
 2.000E-0002, 2.03768E-0005
 1.900E-0002, 2.03646E-0005
 1.800E-0002, 2.03463E-0005
 1.700E-0002, 2.03219E-0005
 1.600E-0002, 2.03036E-0005
 1.500E-0002, 2.02792E-0005
 1.400E-0002, 2.02700E-0005
 1.300E-0002, 2.02487E-0005
 1.200E-0002, 2.02273E-0005
 1.100E-0002, 2.02182E-0005
 1.000E-0002, 2.01937E-0005
 9.000E-0003, 2.01754E-0005
 8.000E-0003, 2.01571E-0005
 7.000E-0003, 2.01419E-0005
 6.000E-0003, 2.01266E-0005
 5.000E-0003, 2.01022E-0005
 4.000E-0003, 2.00839E-0005
 3.000E-0003, 2.00778E-0005
 2.000E-0003, 2.00564E-0005
 1.000E-0003, 2.00411E-0005
 0.000E+0000, 2.00228E-0005
-1.000E-0003, 2.00076E-0005
-2.000E-0003, 1.99893E-0005
-3.000E-0003, 1.99740E-0005
-4.000E-0003, 1.99588E-0005
-5.000E-0003, 1.99404E-0005
-6.000E-0003, 1.99221E-0005
-7.000E-0003, 1.99099E-0005
-8.000E-0003, 1.98977E-0005
-9.000E-0003, 1.98855E-0005
-1.000E-0002, 1.98702E-0005
-1.100E-0002, 1.98519E-0005
-1.200E-0002, 1.98367E-0005
-1.300E-0002, 1.98184E-0005
-1.400E-0002, 1.98062E-0005
-1.500E-0002, 1.97878E-0005
-1.600E-0002, 1.97817E-0005
-1.700E-0002, 1.97634E-0005
-1.800E-0002, 1.97512E-0005
-1.900E-0002, 1.97390E-0005
-2.000E-0002, 1.97207E-0005
-2.100E-0002, 1.97116E-0005
-2.200E-0002, 1.96993E-0005
-2.300E-0002, 1.96871E-0005
-2.400E-0002, 1.96780E-0005
-2.500E-0002, 1.96688E-0005
-2.600E-0002, 1.96536E-0005
-2.700E-0002, 1.96353E-0005
-2.800E-0002, 1.96200E-0005
-2.900E-0002, 1.96078E-0005
-3.000E-0002, 1.96017E-0005
-3.100E-0002, 1.95925E-0005
-3.200E-0002, 1.95834E-0005
-3.300E-0002, 1.95681E-0005
-3.400E-0002, 1.95559E-0005
-3.500E-0002, 1.95468E-0005
-3.600E-0002, 1.95376E-0005
-3.700E-0002, 1.95345E-0005
-3.800E-0002, 1.95162E-0005
-3.900E-0002, 1.95071E-0005
-4.000E-0002, 1.94949E-0005
-4.100E-0002, 1.94857E-0005
-4.200E-0002, 1.94705E-0005
-4.300E-0002, 1.94705E-0005
-4.400E-0002, 1.94552E-0005
-4.500E-0002, 1.94460E-0005
-4.600E-0002, 1.94399E-0005
-4.700E-0002, 1.94308E-0005
-4.800E-0002, 1.94277E-0005
-4.900E-0002, 1.94094E-0005
-5.000E-0002, 1.94094E-0005
-5.100E-0002, 1.93911E-0005
-5.200E-0002, 1.93942E-0005
-5.300E-0002, 1.93850E-0005
-5.400E-0002, 1.93759E-0005
-5.500E-0002, 1.93636E-0005
-5.600E-0002, 1.93575E-0005
-5.700E-0002, 1.93545E-0005
-5.800E-0002, 1.93392E-0005
-5.900E-0002, 1.93423E-0005
-6.000E-0002, 1.93362E-0005
-6.100E-0002, 1.93209E-0005
-6.200E-0002, 1.93240E-0005
-6.300E-0002, 1.93087E-0005
-6.400E-0002, 1.93148E-0005
-6.500E-0002, 1.93026E-0005
-6.600E-0002, 1.92935E-0005
-6.700E-0002, 1.92904E-0005
-6.800E-0002, 1.92874E-0005
-6.900E-0002, 1.92721E-0005
-7.000E-0002, 1.92751E-0005
-7.100E-0002, 1.92721E-0005
-7.200E-0002, 1.92568E-0005
-7.300E-0002, 1.92507E-0005
-7.400E-0002, 1.92568E-0005
-7.500E-0002, 1.92477E-0005
-7.600E-0002, 1.92477E-0005
-7.700E-0002, 1.92416E-0005
-7.800E-0002, 1.92416E-0005
-7.900E-0002, 1.92324E-0005
-8.000E-0002, 1.92263E-0005
-8.100E-0002, 1.92233E-0005
-8.200E-0002, 1.92172E-0005
-8.300E-0002, 1.92172E-0005
-8.400E-0002, 1.92141E-0005
-8.500E-0002, 1.92111E-0005
-8.600E-0002, 1.92050E-0005
-8.700E-0002, 1.92080E-0005
-8.800E-0002, 1.91989E-0005
-8.900E-0002, 1.91927E-0005
-9.000E-0002, 1.91927E-0005
-9.100E-0002, 1.91958E-0005
-9.200E-0002, 1.91927E-0005
-9.300E-0002, 1.91897E-0005
-9.400E-0002, 1.91866E-0005
-9.500E-0002, 1.91866E-0005
-9.600E-0002, 1.91775E-0005
-9.700E-0002, 1.91744E-0005
-9.800E-0002, 1.91775E-0005
-9.900E-0002, 1.91683E-0005
-1.000E-0001, 1.91653E-0005
-1.010E-0001, 1.91653E-0005
-1.020E-0001, 1.91622E-0005
-1.030E-0001, 1.91683E-0005
-1.040E-0001, 1.91622E-0005
-1.050E-0001, 1.91622E-0005
-1.060E-0001, 1.91561E-0005
-1.070E-0001, 1.91592E-0005
-1.080E-0001, 1.91561E-0005
-1.090E-0001, 1.91470E-0005
-1.100E-0001, 1.91500E-0005
-1.110E-0001, 1.91531E-0005
-1.120E-0001, 1.91439E-0005
-1.130E-0001, 1.91470E-0005
-1.140E-0001, 1.91500E-0005
-1.150E-0001, 1.91439E-0005
-1.160E-0001, 1.91378E-0005
-1.170E-0001, 1.91409E-0005
-1.180E-0001, 1.91348E-0005
-1.190E-0001, 1.91348E-0005
-1.200E-0001, 1.91348E-0005
-1.190E-0001, 1.91287E-0005
-1.180E-0001, 1.90859E-0005
-1.170E-0001, 1.90493E-0005
-1.160E-0001, 1.89761E-0005
-1.150E-0001, 1.88998E-0005
-1.140E-0001, 1.88082E-0005
-1.130E-0001, 1.87197E-0005
-1.120E-0001, 1.86221E-0005
-1.110E-0001, 1.85427E-0005
-1.100E-0001, 1.84512E-0005
-1.090E-0001, 1.83566E-0005
-1.080E-0001, 1.82772E-0005
-1.070E-0001, 1.81979E-0005
-1.060E-0001, 1.81185E-0005
-1.050E-0001, 1.80422E-0005
-1.040E-0001, 1.79598E-0005
-1.030E-0001, 1.78927E-0005
-1.020E-0001, 1.78164E-0005
-1.010E-0001, 1.77462E-0005
-1.000E-0001, 1.76852E-0005
-9.900E-0002, 1.76180E-0005
-9.800E-0002, 1.75509E-0005
-9.700E-0002, 1.74929E-0005
-9.600E-0002, 1.74258E-0005
-9.500E-0002, 1.73678E-0005
-9.400E-0002, 1.73098E-0005
-9.300E-0002, 1.72487E-0005
-9.200E-0002, 1.71938E-0005
-9.100E-0002, 1.71419E-0005
-9.000E-0002, 1.70870E-0005
-8.900E-0002, 1.70260E-0005
-8.800E-0002, 1.69680E-0005
-8.700E-0002, 1.69222E-0005
-8.600E-0002, 1.68673E-0005
-8.500E-0002, 1.68123E-0005
-8.400E-0002, 1.67574E-0005
-8.300E-0002, 1.67086E-0005
-8.200E-0002, 1.66567E-0005
-8.100E-0002, 1.66109E-0005
-8.000E-0002, 1.65560E-0005
-7.900E-0002, 1.65133E-0005
-7.800E-0002, 1.64614E-0005
-7.700E-0002, 1.64156E-0005
-7.600E-0002, 1.63637E-0005
-7.500E-0002, 1.63149E-0005
-7.400E-0002, 1.62691E-0005
-7.300E-0002, 1.62264E-0005
-7.200E-0002, 1.61745E-0005
-7.100E-0002, 1.61348E-0005
-7.000E-0002, 1.60891E-0005
-6.900E-0002, 1.60433E-0005
-6.800E-0002, 1.60006E-0005
-6.700E-0002, 1.59578E-0005
-6.600E-0002, 1.59151E-0005
-6.500E-0002, 1.58663E-0005
-6.400E-0002, 1.58236E-0005
-6.300E-0002, 1.57900E-0005
-6.200E-0002, 1.57442E-0005
-6.100E-0002, 1.57076E-0005
-6.000E-0002, 1.56618E-0005
-5.900E-0002, 1.56221E-0005
-5.800E-0002, 1.55855E-0005
-5.700E-0002, 1.55428E-0005
-5.600E-0002, 1.55062E-0005
-5.500E-0002, 1.54634E-0005
-5.400E-0002, 1.54177E-0005
-5.300E-0002, 1.53810E-0005
-5.200E-0002, 1.53444E-0005
-5.100E-0002, 1.53047E-0005
-5.000E-0002, 1.52712E-0005
-4.900E-0002, 1.52254E-0005
-4.800E-0002, 1.51918E-0005
-4.700E-0002, 1.51522E-0005
-4.600E-0002, 1.51186E-0005
-4.500E-0002, 1.50759E-0005
-4.400E-0002, 1.50423E-0005
-4.300E-0002, 1.50118E-0005
-4.200E-0002, 1.49660E-0005
-4.100E-0002, 1.49263E-0005
-4.000E-0002, 1.48989E-0005
-3.900E-0002, 1.48561E-0005
-3.800E-0002, 1.48165E-0005
-3.700E-0002, 1.47920E-0005
-3.600E-0002, 1.47554E-0005
-3.500E-0002, 1.47188E-0005
-3.400E-0002, 1.46913E-0005
-3.300E-0002, 1.46517E-0005
-3.200E-0002, 1.46181E-0005
-3.100E-0002, 1.45845E-0005
-3.000E-0002, 1.45479E-0005
-2.900E-0002, 1.45174E-0005
-2.800E-0002, 1.44869E-0005
-2.700E-0002, 1.44502E-0005
-2.600E-0002, 1.44167E-0005
-2.500E-0002, 1.43831E-0005
-2.400E-0002, 1.43495E-0005
-2.300E-0002, 1.43129E-0005
-2.200E-0002, 1.42885E-0005
-2.100E-0002, 1.42458E-0005
-2.000E-0002, 1.42153E-0005
-1.900E-0002, 1.41908E-0005
-1.800E-0002, 1.41542E-0005
-1.700E-0002, 1.41298E-0005
-1.600E-0002, 1.40962E-0005
-1.500E-0002, 1.40657E-0005
-1.400E-0002, 1.40383E-0005
-1.300E-0002, 1.39986E-0005
-1.200E-0002, 1.39681E-0005
-1.100E-0002, 1.39436E-0005
-1.000E-0002, 1.39040E-0005
-9.000E-0003, 1.38796E-0005
-8.000E-0003, 1.38490E-0005
-7.000E-0003, 1.38277E-0005
-6.000E-0003, 1.37941E-0005
-5.000E-0003, 1.37636E-0005
-4.000E-0003, 1.37361E-0005
-3.000E-0003, 1.37026E-0005
-2.000E-0003, 1.36751E-0005
-1.000E-0003, 1.36476E-0005
 0.000E+0000, 1.36171E-0005
 1.000E-0003, 1.35866E-0005
 2.000E-0003, 1.35500E-0005
 3.000E-0003, 1.35194E-0005
 4.000E-0003, 1.34950E-0005
 5.000E-0003, 1.34706E-0005
 6.000E-0003, 1.34401E-0005
 7.000E-0003, 1.34126E-0005
 8.000E-0003, 1.33791E-0005
 9.000E-0003, 1.33577E-0005
 1.000E-0002, 1.33302E-0005
 1.100E-0002, 1.32967E-0005
 1.200E-0002, 1.32784E-0005
 1.300E-0002, 1.32478E-0005
 1.400E-0002, 1.32173E-0005
 1.500E-0002, 1.31868E-0005
 1.600E-0002, 1.31624E-0005
 1.700E-0002, 1.31319E-0005
 1.800E-0002, 1.31074E-0005
 1.900E-0002, 1.30769E-0005
 2.000E-0002, 1.30495E-0005
 2.100E-0002, 1.30251E-0005
 2.200E-0002, 1.29976E-0005
 2.300E-0002, 1.29640E-0005
 2.400E-0002, 1.29335E-0005
 2.500E-0002, 1.29121E-0005
 2.600E-0002, 1.28938E-0005
 2.700E-0002, 1.28664E-0005
 2.800E-0002, 1.28389E-0005
 2.900E-0002, 1.28053E-0005
 3.000E-0002, 1.27779E-0005
 3.100E-0002, 1.27504E-0005
 3.200E-0002, 1.27229E-0005
 3.300E-0002, 1.27016E-0005
 3.400E-0002, 1.26741E-0005
 3.500E-0002, 1.26466E-0005
 3.600E-0002, 1.26192E-0005
 3.700E-0002, 1.25978E-0005
 3.800E-0002, 1.25642E-0005
 3.900E-0002, 1.25459E-0005
 4.000E-0002, 1.25185E-0005
 4.100E-0002, 1.24940E-0005
 4.200E-0002, 1.24727E-0005
 4.300E-0002, 1.24422E-0005
 4.400E-0002, 1.24147E-0005
 4.500E-0002, 1.23872E-0005
 4.600E-0002, 1.23628E-0005
 4.700E-0002, 1.23323E-0005
 4.800E-0002, 1.23079E-0005
 4.900E-0002, 1.22774E-0005
 5.000E-0002, 1.22590E-0005
 5.100E-0002, 1.22377E-0005
 5.200E-0002, 1.22072E-0005
 5.300E-0002, 1.21736E-0005
 5.400E-0002, 1.21492E-0005
 5.500E-0002, 1.21217E-0005
 5.600E-0002, 1.20973E-0005
 5.700E-0002, 1.20759E-0005
 5.800E-0002, 1.20454E-0005
 5.900E-0002, 1.20241E-0005
 6.000E-0002, 1.19966E-0005
 6.100E-0002, 1.19661E-0005
 6.200E-0002, 1.19417E-0005
 6.300E-0002, 1.19203E-0005
 6.400E-0002, 1.18928E-0005
 6.500E-0002, 1.18715E-0005
 6.600E-0002, 1.18440E-0005
 6.700E-0002, 1.18104E-0005
 6.800E-0002, 1.17830E-0005
 6.900E-0002, 1.17586E-0005
 7.000E-0002, 1.17341E-0005
 7.100E-0002, 1.17036E-0005
 7.200E-0002, 1.16823E-0005
 7.300E-0002, 1.16578E-0005
 7.400E-0002, 1.16334E-0005
 7.500E-0002, 1.15999E-0005
 7.600E-0002, 1.15724E-0005
 7.700E-0002, 1.15480E-0005
 7.800E-0002, 1.15175E-0005
 7.900E-0002, 1.14961E-0005
 8.000E-0002, 1.14717E-0005
 8.100E-0002, 1.14473E-0005
 8.200E-0002, 1.14168E-0005
 8.300E-0002, 1.13923E-0005
 8.400E-0002, 1.13618E-0005
 8.500E-0002, 1.13435E-0005
 8.600E-0002, 1.13130E-0005
 8.700E-0002, 1.12886E-0005
 8.800E-0002, 1.12581E-0005
 8.900E-0002, 1.12275E-0005
 9.000E-0002, 1.12031E-0005
 9.100E-0002, 1.11696E-0005
 9.200E-0002, 1.11451E-0005
 9.300E-0002, 1.11177E-0005
 9.400E-0002, 1.10933E-0005
 9.500E-0002, 1.10658E-0005
 9.600E-0002, 1.10383E-0005
 9.700E-0002, 1.10078E-0005
 9.800E-0002, 1.09834E-0005
 9.900E-0002, 1.09498E-0005
 1.000E-0001, 1.09193E-0005
 1.010E-0001, 1.08979E-0005
 1.020E-0001, 1.08644E-0005
 1.030E-0001, 1.08369E-0005
 1.040E-0001, 1.08125E-0005
 1.050E-0001, 1.07850E-0005
 1.060E-0001, 1.07545E-0005
 1.070E-0001, 1.07240E-0005
 1.080E-0001, 1.06904E-0005
 1.090E-0001, 1.06660E-0005
 1.100E-0001, 1.06416E-0005
 1.110E-0001, 1.06141E-0005
 1.120E-0001, 1.05775E-0005
 1.130E-0001, 1.05470E-0005
 1.140E-0001, 1.05134E-0005
 1.150E-0001, 1.04859E-0005
 1.160E-0001, 1.04524E-0005
 1.170E-0001, 1.04249E-0005
 1.180E-0001, 1.03944E-0005
 1.190E-0001, 1.03578E-0005
 1.200E-0001, 1.03242E-0005
 1.210E-0001, 1.02967E-0005
 1.220E-0001, 1.02723E-0005
 1.230E-0001, 1.02327E-0005
 1.240E-0001, 1.01991E-0005
 1.250E-0001, 1.01686E-0005
 1.260E-0001, 1.01289E-0005
 1.270E-0001, 1.01014E-0005
 1.280E-0001, 1.00617E-0005
 1.290E-0001, 1.00282E-0005
 1.300E-0001, 9.98550E-0006
 1.310E-0001, 9.95803E-0006
 1.320E-0001, 9.93057E-0006
 1.330E-0001, 9.89394E-0006
 1.340E-0001, 9.85122E-0006
 1.350E-0001, 9.81765E-0006
 1.360E-0001, 9.77798E-0006
 1.370E-0001, 9.74441E-0006
 1.380E-0001, 9.70778E-0006
 1.390E-0001, 9.67116E-0006
 1.400E-0001, 9.62844E-0006
 1.410E-0001, 9.58876E-0006
 1.420E-0001, 9.54604E-0006
 1.430E-0001, 9.50637E-0006
 1.440E-0001, 9.46974E-0006
 1.450E-0001, 9.42702E-0006
 1.460E-0001, 9.38735E-0006
 1.470E-0001, 9.34767E-0006
 1.480E-0001, 9.30495E-0006
 1.490E-0001, 9.26527E-0006
 1.500E-0001, 9.22255E-0006
 1.510E-0001, 9.17372E-0006
 1.520E-0001, 9.13099E-0006
 1.530E-0001, 9.08216E-0006
 1.540E-0001, 9.03944E-0006
 1.550E-0001, 8.99061E-0006
 1.560E-0001, 8.94178E-0006
 1.570E-0001, 8.89906E-0006
 1.580E-0001, 8.84412E-0006
 1.590E-0001, 8.79224E-0006
 1.600E-0001, 8.74036E-0006
 1.610E-0001, 8.69153E-0006
 1.620E-0001, 8.63660E-0006
 1.630E-0001, 8.58777E-0006
 1.640E-0001, 8.52674E-0006
 1.650E-0001, 8.48096E-0006
 1.660E-0001, 8.42298E-0006
 1.670E-0001, 8.35889E-0006
 1.680E-0001, 8.29785E-0006
 1.690E-0001, 8.23682E-0006
 1.700E-0001, 8.17883E-0006
 1.710E-0001, 8.12695E-0006
 1.720E-0001, 8.06286E-0006
 1.730E-0001, 7.99572E-0006
 1.740E-0001, 7.93163E-0006
 1.750E-0001, 7.86449E-0006
 1.760E-0001, 7.79430E-0006
 1.770E-0001, 7.73632E-0006
 1.780E-0001, 7.66613E-0006
 1.790E-0001, 7.59594E-0006
 1.800E-0001, 7.52574E-0006
 1.810E-0001, 7.45250E-0006
 1.820E-0001, 7.37621E-0006
 1.830E-0001, 7.29991E-0006
 1.840E-0001, 7.22362E-0006
 1.850E-0001, 7.14427E-0006
 1.860E-0001, 7.05882E-0006
 1.870E-0001, 6.97947E-0006
 1.880E-0001, 6.90012E-0006
 1.890E-0001, 6.82078E-0006
 1.900E-0001, 6.72617E-0006
 1.910E-0001, 6.63462E-0006
 1.920E-0001, 6.55222E-0006
 1.930E-0001, 6.45761E-0006
 1.940E-0001, 6.35690E-0006
 1.950E-0001, 6.25925E-0006
 1.960E-0001, 6.16464E-0006
 1.970E-0001, 6.06698E-0006
 1.980E-0001, 5.96932E-0006
 1.990E-0001, 5.85946E-0006
 2.000E-0001, 5.75265E-0006
 2.010E-0001, 5.64888E-0006
 2.020E-0001, 5.54512E-0006
 2.030E-0001, 5.42915E-0006
 2.040E-0001, 5.31013E-0006
 2.050E-0001, 5.20027E-0006
 2.060E-0001, 5.08125E-0006
 2.070E-0001, 4.95918E-0006
 2.080E-0001, 4.83710E-0006
 2.090E-0001, 4.71198E-0006
 2.100E-0001, 4.59296E-0006
 2.110E-0001, 4.46173E-0006
 2.120E-0001, 4.32745E-0006
 2.130E-0001, 4.19623E-0006
 2.140E-0001, 4.06195E-0006
 2.150E-0001, 3.92156E-0006
 2.160E-0001, 3.78118E-0006
 2.170E-0001, 3.63469E-0006
 2.180E-0001, 3.48516E-0006
 2.190E-0001, 3.34172E-0006
 2.200E-0001, 3.19218E-0006
 2.210E-0001, 3.04570E-0006
 2.220E-0001, 2.88700E-0006
 2.230E-0001, 2.72831E-0006
 2.240E-0001, 2.57267E-0006
 2.250E-0001, 2.40787E-0006
 2.260E-0001, 2.24917E-0006
 2.270E-0001, 2.07217E-0006
 2.280E-0001, 1.90737E-0006
 2.290E-0001, 1.73342E-0006
 2.300E-0001, 1.56252E-0006
 2.310E-0001, 1.38551E-0006
 2.320E-0001, 1.21156E-0006
 2.330E-0001, 1.03456E-0006
 2.340E-0001, 8.45349E-0007
 2.350E-0001, 6.71396E-0007
 2.360E-0001, 4.73029E-0007
 2.370E-0001, 3.02128E-0007
 2.380E-0001, 1.03761E-0007
 2.390E-0001,-8.85023E-0008
 2.400E-0001,-2.77714E-0007
 2.410E-0001,-4.69977E-0007
 2.420E-0001,-6.65293E-0007
 2.430E-0001,-8.72816E-0007
 2.440E-0001,-1.06813E-0006
 2.450E-0001,-1.27870E-0006
 2.460E-0001,-1.47402E-0006
 2.470E-0001,-1.67544E-0006
 2.480E-0001,-1.87991E-0006
 2.490E-0001,-2.09353E-0006
 2.500E-0001,-2.29800E-0006
 2.510E-0001,-2.51163E-0006
 2.520E-0001,-2.71915E-0006
 2.530E-0001,-2.92362E-0006
 2.540E-0001,-3.13725E-0006
 2.550E-0001,-3.34477E-0006
 2.560E-0001,-3.55535E-0006
 2.570E-0001,-3.77203E-0006
 2.580E-0001,-3.98565E-0006
 2.590E-0001,-4.19928E-0006
 2.600E-0001,-4.41290E-0006
 2.610E-0001,-4.62043E-0006
 2.620E-0001,-4.83100E-0006
 2.630E-0001,-5.04158E-0006
 2.640E-0001,-5.25825E-0006
 2.650E-0001,-5.46272E-0006
 2.660E-0001,-5.67940E-0006
 2.670E-0001,-5.88693E-0006
 2.680E-0001,-6.09445E-0006
 2.690E-0001,-6.30807E-0006
 2.700E-0001,-6.50644E-0006
 2.710E-0001,-6.71702E-0006
 2.720E-0001,-6.91844E-0006
 2.730E-0001,-7.11375E-0006
 2.740E-0001,-7.32127E-0006
 2.750E-0001,-7.51659E-0006
 2.760E-0001,-7.71190E-0006
 2.770E-0001,-7.90722E-0006
 2.780E-0001,-8.10559E-0006
 2.790E-0001,-8.29785E-0006
 2.800E-0001,-8.48706E-0006
 2.810E-0001,-8.67017E-0006
 2.820E-0001,-8.85328E-0006
 2.830E-0001,-9.03334E-0006
 2.840E-0001,-9.21644E-0006
 2.850E-0001,-9.39650E-0006
 2.860E-0001,-9.56435E-0006
 2.870E-0001,-9.74135E-0006
 2.880E-0001,-9.90310E-0006
 2.890E-0001,-1.00740E-0005
 2.900E-0001,-1.02296E-0005
 2.910E-0001,-1.03913E-0005
 2.920E-0001,-1.05470E-0005
 2.930E-0001,-1.07057E-0005
 2.940E-0001,-1.08552E-0005
 2.950E-0001,-1.10017E-0005
 2.960E-0001,-1.11451E-0005
 2.970E-0001,-1.12855E-0005
 2.980E-0001,-1.14229E-0005
 2.990E-0001,-1.15510E-0005
 3.000E-0001,-1.16853E-0005
 3.010E-0001,-1.18074E-0005
 3.020E-0001,-1.19264E-0005
 3.030E-0001,-1.20485E-0005
 3.040E-0001,-1.21675E-0005
 3.050E-0001,-1.22835E-0005
 3.060E-0001,-1.23842E-0005
 3.070E-0001,-1.24971E-0005
 3.080E-0001,-1.26009E-0005
 3.090E-0001,-1.27016E-0005
 3.100E-0001,-1.27962E-0005
 3.110E-0001,-1.28938E-0005
 3.120E-0001,-1.29823E-0005
 3.130E-0001,-1.30617E-0005
 3.140E-0001,-1.31471E-0005
 3.150E-0001,-1.32234E-0005
 3.160E-0001,-1.32906E-0005
 3.170E-0001,-1.33730E-0005
 3.180E-0001,-1.34431E-0005
 3.190E-0001,-1.35164E-0005
 3.200E-0001,-1.35683E-0005
 3.210E-0001,-1.36263E-0005
 3.220E-0001,-1.36873E-0005
 3.230E-0001,-1.37422E-0005
 3.240E-0001,-1.37911E-0005
 3.250E-0001,-1.38399E-0005
 3.260E-0001,-1.38826E-0005
 3.270E-0001,-1.39223E-0005
 3.280E-0001,-1.39620E-0005
 3.290E-0001,-1.40047E-0005
 3.300E-0001,-1.40291E-0005
 3.310E-0001,-1.40566E-0005
 3.320E-0001,-1.40871E-0005
 3.330E-0001,-1.41115E-0005
 3.340E-0001,-1.41359E-0005
 3.350E-0001,-1.41512E-0005
 3.360E-0001,-1.41664E-0005
 3.370E-0001,-1.41847E-0005
 3.380E-0001,-1.41969E-0005
 3.390E-0001,-1.42153E-0005
 3.400E-0001,-1.42153E-0005
 3.410E-0001,-1.42153E-0005
 3.420E-0001,-1.42275E-0005
 3.430E-0001,-1.42305E-0005
 3.440E-0001,-1.42305E-0005
 3.450E-0001,-1.42244E-0005
 3.460E-0001,-1.42153E-0005
 3.470E-0001,-1.42061E-0005
 3.480E-0001,-1.41969E-0005
 3.490E-0001,-1.41969E-0005
 3.500E-0001,-1.41817E-0005
 3.510E-0001,-1.41573E-0005
 3.520E-0001,-1.41481E-0005
 3.530E-0001,-1.41329E-0005
 3.540E-0001,-1.41084E-0005
 3.550E-0001,-1.40871E-0005
 3.560E-0001,-1.40718E-0005
 3.570E-0001,-1.40444E-0005
 3.580E-0001,-1.40199E-0005
 3.590E-0001,-1.39955E-0005
 3.600E-0001,-1.39681E-0005
 3.610E-0001,-1.39406E-0005
 3.620E-0001,-1.39101E-0005
 3.630E-0001,-1.38796E-0005
 3.640E-0001,-1.38429E-0005
 3.650E-0001,-1.38155E-0005
 3.660E-0001,-1.37819E-0005
 3.670E-0001,-1.37483E-0005
 3.680E-0001,-1.37026E-0005
 3.690E-0001,-1.36720E-0005
 3.700E-0001,-1.36324E-0005
 3.710E-0001,-1.35927E-0005
 3.720E-0001,-1.35530E-0005
 3.730E-0001,-1.35164E-0005
 3.740E-0001,-1.34706E-0005
 3.750E-0001,-1.34340E-0005
 3.760E-0001,-1.33882E-0005
 3.770E-0001,-1.33424E-0005
 3.780E-0001,-1.32997E-0005
 3.790E-0001,-1.32539E-0005
 3.800E-0001,-1.32082E-0005
 3.810E-0001,-1.31624E-0005
 3.820E-0001,-1.31166E-0005
 3.830E-0001,-1.30708E-0005
 3.840E-0001,-1.30251E-0005
 3.850E-0001,-1.29762E-0005
 3.860E-0001,-1.29243E-0005
 3.870E-0001,-1.28755E-0005
 3.880E-0001,-1.28236E-0005
 3.890E-0001,-1.27809E-0005
 3.900E-0001,-1.27321E-0005
 3.910E-0001,-1.26771E-0005
 3.920E-0001,-1.26314E-0005
 3.930E-0001,-1.25795E-0005
 3.940E-0001,-1.25246E-0005
 3.950E-0001,-1.24788E-0005
 3.960E-0001,-1.24299E-0005
 3.970E-0001,-1.23811E-0005
 3.980E-0001,-1.23262E-0005
 3.990E-0001,-1.22774E-0005
 4.000E-0001,-1.22224E-0005
 4.010E-0001,-1.21675E-0005
 4.020E-0001,-1.21187E-0005
 4.030E-0001,-1.20637E-0005
 4.040E-0001,-1.20119E-0005
 4.050E-0001,-1.19600E-0005
 4.060E-0001,-1.19111E-0005
 4.070E-0001,-1.18562E-0005
 4.080E-0001,-1.18043E-0005
 4.090E-0001,-1.17555E-0005
 4.100E-0001,-1.17006E-0005
 4.110E-0001,-1.16456E-0005
 4.120E-0001,-1.15938E-0005
 4.130E-0001,-1.15419E-0005
 4.140E-0001,-1.14930E-0005
 4.150E-0001,-1.14442E-0005
 4.160E-0001,-1.13954E-0005
 4.170E-0001,-1.13435E-0005
 4.180E-0001,-1.12886E-0005
 4.190E-0001,-1.12306E-0005
 4.200E-0001,-1.11787E-0005
 4.210E-0001,-1.11299E-0005
 4.220E-0001,-1.10780E-0005
 4.230E-0001,-1.10292E-0005
 4.240E-0001,-1.09742E-0005
 4.250E-0001,-1.09285E-0005
 4.260E-0001,-1.08674E-0005
 4.270E-0001,-1.08186E-0005
 4.280E-0001,-1.07759E-0005
 4.290E-0001,-1.07240E-0005
 4.300E-0001,-1.06721E-0005
 4.310E-0001,-1.06263E-0005
 4.320E-0001,-1.05775E-0005
 4.330E-0001,-1.05256E-0005
 4.340E-0001,-1.04798E-0005
 4.350E-0001,-1.04280E-0005
 4.360E-0001,-1.03791E-0005
 4.370E-0001,-1.03303E-0005
 4.380E-0001,-1.02845E-0005
 4.390E-0001,-1.02296E-0005
 4.400E-0001,-1.01930E-0005
 4.410E-0001,-1.01350E-0005
 4.420E-0001,-1.00923E-0005
 4.430E-0001,-1.00373E-0005
 4.440E-0001,-9.99160E-0006
 4.450E-0001,-9.93972E-0006
 4.460E-0001,-9.90005E-0006
 4.470E-0001,-9.85427E-0006
 4.480E-0001,-9.80239E-0006
 4.490E-0001,-9.76272E-0006
 4.500E-0001,-9.71084E-0006
 4.510E-0001,-9.66506E-0006
 4.520E-0001,-9.63149E-0006
 4.530E-0001,-9.57656E-0006
 4.540E-0001,-9.53994E-0006
 4.550E-0001,-9.48805E-0006
 4.560E-0001,-9.44533E-0006
 4.570E-0001,-9.39345E-0006
 4.580E-0001,-9.35378E-0006
 4.590E-0001,-9.30800E-0006
 4.600E-0001,-9.26527E-0006
 4.610E-0001,-9.22255E-0006
 4.620E-0001,-9.18287E-0006
 4.630E-0001,-9.14015E-0006
 4.640E-0001,-9.09437E-0006
 4.650E-0001,-9.05165E-0006
 4.660E-0001,-9.00892E-0006
 4.670E-0001,-8.96620E-0006
 4.680E-0001,-8.92042E-0006
 4.690E-0001,-8.87464E-0006
 4.700E-0001,-8.83802E-0006
 4.710E-0001,-8.79530E-0006
 4.720E-0001,-8.75257E-0006
 4.730E-0001,-8.71595E-0006
 4.740E-0001,-8.66712E-0006
 4.750E-0001,-8.62745E-0006
 4.760E-0001,-8.58167E-0006
 4.770E-0001,-8.54505E-0006
 4.780E-0001,-8.50843E-0006
 4.790E-0001,-8.46875E-0006
 4.800E-0001,-8.42298E-0006
 4.810E-0001,-8.38941E-0006
 4.820E-0001,-8.35278E-0006
 4.830E-0001,-8.30090E-0006
 4.840E-0001,-8.26733E-0006
 4.850E-0001,-8.23376E-0006
 4.860E-0001,-8.19409E-0006
 4.870E-0001,-8.15747E-0006
 4.880E-0001,-8.11169E-0006
 4.890E-0001,-8.08117E-0006
 4.900E-0001,-8.04150E-0006
 4.910E-0001,-7.99877E-0006
 4.920E-0001,-7.95910E-0006
 4.930E-0001,-7.93163E-0006
 4.940E-0001,-7.88891E-0006
 4.950E-0001,-7.85229E-0006
 4.960E-0001,-7.81567E-0006
 4.970E-0001,-7.77599E-0006
 4.980E-0001,-7.74547E-0006
 4.990E-0001,-7.70275E-0006
 5.000E-0001,-7.67528E-0006
 5.010E-0001,-7.63561E-0006
 5.020E-0001,-7.59899E-0006
 5.030E-0001,-7.56237E-0006
 5.040E-0001,-7.53490E-0006
 5.050E-0001,-7.49828E-0006
 5.060E-0001,-7.46166E-0006
 5.070E-0001,-7.43114E-0006
 5.080E-0001,-7.39147E-0006
 5.090E-0001,-7.35790E-0006
 5.100E-0001,-7.32127E-0006
 5.110E-0001,-7.29076E-0006
 5.120E-0001,-7.25413E-0006
 5.130E-0001,-7.21751E-0006
 5.140E-0001,-7.19005E-0006
 5.150E-0001,-7.15342E-0006
 5.160E-0001,-7.12291E-0006
 5.170E-0001,-7.09239E-0006
 5.180E-0001,-7.06187E-0006
 5.190E-0001,-7.02525E-0006
 5.200E-0001,-7.00083E-0006
 5.210E-0001,-6.95506E-0006
 5.220E-0001,-6.92759E-0006
 5.230E-0001,-6.90318E-0006
 5.240E-0001,-6.86350E-0006
 5.250E-0001,-6.83604E-0006
 5.260E-0001,-6.80247E-0006
 5.270E-0001,-6.77195E-0006
 5.280E-0001,-6.73838E-0006
 5.290E-0001,-6.71091E-0006
 5.300E-0001,-6.67124E-0006
 5.310E-0001,-6.64988E-0006
 5.320E-0001,-6.61936E-0006
 5.330E-0001,-6.58884E-0006
 5.340E-0001,-6.56137E-0006
 5.350E-0001,-6.52780E-0006
 5.360E-0001,-6.49729E-0006
 5.370E-0001,-6.47592E-0006
 5.380E-0001,-6.43930E-0006
 5.390E-0001,-6.41184E-0006
 5.400E-0001,-6.39047E-0006
 5.410E-0001,-6.35690E-0006
 5.420E-0001,-6.32333E-0006
 5.430E-0001,-6.30502E-0006
 5.440E-0001,-6.27450E-0006
 5.450E-0001,-6.24704E-0006
 5.460E-0001,-6.21957E-0006
 5.470E-0001,-6.19211E-0006
 5.480E-0001,-6.15854E-0006
 5.490E-0001,-6.14023E-0006
 5.500E-0001,-6.10971E-0006
 5.510E-0001,-6.08224E-0006
 5.520E-0001,-6.05783E-0006
 5.530E-0001,-6.03341E-0006
 5.540E-0001,-6.00289E-0006
 5.550E-0001,-5.97543E-0006
 5.560E-0001,-5.95101E-0006
 5.570E-0001,-5.92660E-0006
 5.580E-0001,-5.90218E-0006
 5.590E-0001,-5.88082E-0006
 5.600E-0001,-5.85030E-0006
 5.610E-0001,-5.82589E-0006
 5.620E-0001,-5.79232E-0006
 5.630E-0001,-5.78011E-0006
 5.640E-0001,-5.75265E-0006
 5.650E-0001,-5.72518E-0006
 5.660E-0001,-5.70077E-0006
 5.670E-0001,-5.67940E-0006
 5.680E-0001,-5.65194E-0006
 5.690E-0001,-5.63668E-0006
 5.700E-0001,-5.61532E-0006
 5.710E-0001,-5.58785E-0006
 5.720E-0001,-5.56343E-0006
 5.730E-0001,-5.54207E-0006
 5.740E-0001,-5.51766E-0006
 5.750E-0001,-5.49019E-0006
 5.760E-0001,-5.46883E-0006
 5.770E-0001,-5.44747E-0006
 5.780E-0001,-5.42610E-0006
 5.790E-0001,-5.41390E-0006
 5.800E-0001,-5.38643E-0006
 5.810E-0001,-5.35896E-0006
 5.820E-0001,-5.34065E-0006
 5.830E-0001,-5.32234E-0006
 5.840E-0001,-5.30098E-0006
 5.850E-0001,-5.27351E-0006
 5.860E-0001,-5.25520E-0006
 5.870E-0001,-5.23384E-0006
 5.880E-0001,-5.20943E-0006
 5.890E-0001,-5.19417E-0006
 5.900E-0001,-5.17280E-0006
 5.910E-0001,-5.15449E-0006
 5.920E-0001,-5.13618E-0006
 5.930E-0001,-5.11177E-0006
 5.940E-0001,-5.08735E-0006
 5.950E-0001,-5.06904E-0006
 5.960E-0001,-5.05073E-0006
 5.970E-0001,-5.02937E-0006
 5.980E-0001,-5.01106E-0006
 5.990E-0001,-4.99275E-0006
 6.000E-0001,-4.97444E-0006
 6.010E-0001,-4.95613E-0006
 6.020E-0001,-4.93781E-0006
 6.030E-0001,-4.91645E-0006
 6.040E-0001,-4.89509E-0006
 6.050E-0001,-4.88288E-0006
 6.060E-0001,-4.86457E-0006
 6.070E-0001,-4.84626E-0006
 6.080E-0001,-4.82795E-0006
 6.090E-0001,-4.81574E-0006
 6.100E-0001,-4.79133E-0006
 6.110E-0001,-4.77607E-0006
 6.120E-0001,-4.75776E-0006
 6.130E-0001,-4.73640E-0006
 6.140E-0001,-4.72724E-0006
 6.150E-0001,-4.70588E-0006
 6.160E-0001,-4.69672E-0006
 6.170E-0001,-4.67536E-0006
 6.180E-0001,-4.65400E-0006
 6.190E-0001,-4.64179E-0006
 6.200E-0001,-4.62348E-0006
 6.210E-0001,-4.60212E-0006
 6.220E-0001,-4.58991E-0006
 6.230E-0001,-4.57160E-0006
 6.240E-0001,-4.55634E-0006
 6.250E-0001,-4.54108E-0006
 6.260E-0001,-4.51972E-0006
 6.270E-0001,-4.50751E-0006
 6.280E-0001,-4.49225E-0006
 6.290E-0001,-4.48004E-0006
 6.300E-0001,-4.46784E-0006
 6.310E-0001,-4.45258E-0006
 6.320E-0001,-4.43732E-0006
 6.330E-0001,-4.41901E-0006
 6.340E-0001,-4.40375E-0006
 6.350E-0001,-4.38849E-0006
 6.360E-0001,-4.37628E-0006
 6.370E-0001,-4.35797E-0006
 6.380E-0001,-4.35187E-0006
 6.390E-0001,-4.33661E-0006
 6.400E-0001,-4.31525E-0006
 6.410E-0001,-4.30609E-0006
 6.420E-0001,-4.28473E-0006
 6.430E-0001,-4.27862E-0006
 6.440E-0001,-4.26031E-0006
 6.450E-0001,-4.25116E-0006
 6.460E-0001,-4.23285E-0006
 6.470E-0001,-4.22064E-0006
 6.480E-0001,-4.20538E-0006
 6.490E-0001,-4.19317E-0006
 6.500E-0001,-4.18097E-0006
 6.510E-0001,-4.17181E-0006
 6.520E-0001,-4.15350E-0006
 6.530E-0001,-4.14740E-0006
 6.540E-0001,-4.13214E-0006
 6.550E-0001,-4.11993E-0006
 6.560E-0001,-4.10162E-0006
 6.570E-0001,-4.09246E-0006
 6.580E-0001,-4.08026E-0006
 6.590E-0001,-4.06805E-0006
 6.600E-0001,-4.05889E-0006
 6.610E-0001,-4.04974E-0006
 6.620E-0001,-4.03448E-0006
 6.630E-0001,-4.02227E-0006
 6.640E-0001,-4.01312E-0006
 6.650E-0001,-3.99786E-0006
 6.660E-0001,-3.98565E-0006
 6.670E-0001,-3.97039E-0006
 6.680E-0001,-3.95819E-0006
 6.690E-0001,-3.94598E-0006
 6.700E-0001,-3.93682E-0006
 6.710E-0001,-3.93072E-0006
 6.720E-0001,-3.91546E-0006
 6.730E-0001,-3.90325E-0006
 6.740E-0001,-3.89105E-0006
 6.750E-0001,-3.87579E-0006
 6.760E-0001,-3.86968E-0006
 6.770E-0001,-3.85442E-0006
 6.780E-0001,-3.84832E-0006
 6.790E-0001,-3.83306E-0006
 6.800E-0001,-3.82696E-0006
 6.810E-0001,-3.82085E-0006
 6.820E-0001,-3.80560E-0006
 6.830E-0001,-3.79949E-0006
 6.840E-0001,-3.78423E-0006
 6.850E-0001,-3.78118E-0006
 6.860E-0001,-3.76897E-0006
 6.870E-0001,-3.75371E-0006
 6.880E-0001,-3.74761E-0006
 6.890E-0001,-3.73540E-0006
 6.900E-0001,-3.72625E-0006
 6.910E-0001,-3.71709E-0006
 6.920E-0001,-3.70794E-0006
 6.930E-0001,-3.69878E-0006
 6.940E-0001,-3.68352E-0006
 6.950E-0001,-3.68047E-0006
 6.960E-0001,-3.66826E-0006
 6.970E-0001,-3.66216E-0006
 6.980E-0001,-3.65300E-0006
 6.990E-0001,-3.64080E-0006
 7.000E-0001,-3.63775E-0006
 7.010E-0001,-3.62554E-0006
 7.020E-0001,-3.62249E-0006
 7.030E-0001,-3.61028E-0006
 7.040E-0001,-3.59807E-0006
 7.050E-0001,-3.58892E-0006
 7.060E-0001,-3.58587E-0006
 7.070E-0001,-3.57366E-0006
 7.080E-0001,-3.56450E-0006
 7.090E-0001,-3.55230E-0006
 7.100E-0001,-3.54924E-0006
 7.110E-0001,-3.54314E-0006
 7.120E-0001,-3.53398E-0006
 7.130E-0001,-3.52788E-0006
 7.140E-0001,-3.50957E-0006
 7.150E-0001,-3.50957E-0006
 7.160E-0001,-3.49736E-0006
 7.170E-0001,-3.49431E-0006
 7.180E-0001,-3.47905E-0006
 7.190E-0001,-3.47295E-0006
 7.200E-0001,-3.46990E-0006
 7.210E-0001,-3.45464E-0006
 7.220E-0001,-3.46074E-0006
 7.230E-0001,-3.44548E-0006
 7.240E-0001,-3.43938E-0006
 7.250E-0001,-3.42717E-0006
 7.260E-0001,-3.41802E-0006
 7.270E-0001,-3.41496E-0006
 7.280E-0001,-3.40581E-0006
 7.290E-0001,-3.39971E-0006
 7.300E-0001,-3.39360E-0006
 7.310E-0001,-3.38445E-0006
 7.320E-0001,-3.37834E-0006
 7.330E-0001,-3.36919E-0006
 7.340E-0001,-3.36308E-0006
 7.350E-0001,-3.36308E-0006
 7.360E-0001,-3.35088E-0006
 7.370E-0001,-3.34782E-0006
 7.380E-0001,-3.33867E-0006
 7.390E-0001,-3.33562E-0006
 7.400E-0001,-3.33562E-0006
 7.410E-0001,-3.32036E-0006
 7.420E-0001,-3.30815E-0006
 7.430E-0001,-3.30510E-0006
 7.440E-0001,-3.29900E-0006
 7.450E-0001,-3.29289E-0006
 7.460E-0001,-3.29289E-0006
 7.470E-0001,-3.28374E-0006
 7.480E-0001,-3.27763E-0006
 7.490E-0001,-3.27153E-0006
 7.500E-0001,-3.26543E-0006
 7.510E-0001,-3.26543E-0006
 7.520E-0001,-3.26237E-0006
 7.530E-0001,-3.25322E-0006
 7.540E-0001,-3.24101E-0006
 7.550E-0001,-3.23186E-0006
 7.560E-0001,-3.23491E-0006
 7.570E-0001,-3.22880E-0006
 7.580E-0001,-3.21965E-0006
 7.590E-0001,-3.21965E-0006
 7.600E-0001,-3.20439E-0006
 7.610E-0001,-3.20439E-0006
 7.620E-0001,-3.19829E-0006
 7.630E-0001,-3.19523E-0006
 7.640E-0001,-3.17998E-0006
 7.650E-0001,-3.17692E-0006
 7.660E-0001,-3.17692E-0006
 7.670E-0001,-3.17082E-0006
 7.680E-0001,-3.16166E-0006
 7.690E-0001,-3.15556E-0006
 7.700E-0001,-3.15556E-0006
 7.710E-0001,-3.15251E-0006
 7.720E-0001,-3.14946E-0006
 7.730E-0001,-3.14030E-0006
 7.740E-0001,-3.13420E-0006
 7.750E-0001,-3.13115E-0006
 7.760E-0001,-3.12504E-0006
 7.770E-0001,-3.11894E-0006
 7.780E-0001,-3.11589E-0006
 7.790E-0001,-3.10978E-0006
 7.800E-0001,-3.10673E-0006
 7.810E-0001,-3.10063E-0006
 7.820E-0001,-3.09452E-0006
 7.830E-0001,-3.09147E-0006
 7.840E-0001,-3.07621E-0006
 7.850E-0001,-3.08232E-0006
 7.860E-0001,-3.07927E-0006
 7.870E-0001,-3.07011E-0006
 7.880E-0001,-3.06706E-0006
 7.890E-0001,-3.06095E-0006
 7.900E-0001,-3.05485E-0006
 7.910E-0001,-3.04875E-0006
 7.920E-0001,-3.05180E-0006
 7.930E-0001,-3.04570E-0006
 7.940E-0001,-3.03959E-0006
 7.950E-0001,-3.03959E-0006
 7.960E-0001,-3.02738E-0006
 7.970E-0001,-3.03349E-0006
 7.980E-0001,-3.02433E-0006
 7.990E-0001,-3.01823E-0006
 8.000E-0001,-3.00907E-0006
