
 7.990E-0001,-6.46982E-0007
 7.980E-0001,-6.28671E-0007
 7.970E-0001,-6.01205E-0007
 7.960E-0001,-5.76791E-0007
 7.950E-0001,-5.46272E-0007
 7.940E-0001,-5.21858E-0007
 7.930E-0001,-4.91340E-0007
 7.920E-0001,-4.73029E-0007
 7.910E-0001,-4.54718E-0007
 7.900E-0001,-4.30304E-0007
 7.890E-0001,-4.15045E-0007
 7.880E-0001,-3.96734E-0007
 7.870E-0001,-3.87579E-0007
 7.860E-0001,-3.69268E-0007
 7.850E-0001,-3.50957E-0007
 7.840E-0001,-3.44853E-0007
 7.830E-0001,-3.32646E-0007
 7.820E-0001,-3.23491E-0007
 7.810E-0001,-3.11284E-0007
 7.800E-0001,-3.02128E-0007
 7.790E-0001,-2.86869E-0007
 7.780E-0001,-2.74662E-0007
 7.770E-0001,-2.65506E-0007
 7.760E-0001,-2.59403E-0007
 7.750E-0001,-2.56351E-0007
 7.740E-0001,-2.44144E-0007
 7.730E-0001,-2.31937E-0007
 7.720E-0001,-2.25833E-0007
 7.710E-0001,-2.22781E-0007
 7.700E-0001,-2.13626E-0007
 7.690E-0001,-2.07522E-0007
 7.680E-0001,-1.98367E-0007
 7.670E-0001,-1.92263E-0007
 7.660E-0001,-1.89211E-0007
 7.650E-0001,-1.80056E-0007
 7.640E-0001,-1.73952E-0007
 7.630E-0001,-1.64797E-0007
 7.620E-0001,-1.58693E-0007
 7.610E-0001,-1.52590E-0007
 7.600E-0001,-1.49538E-0007
 7.590E-0001,-1.49538E-0007
 7.580E-0001,-1.40383E-0007
 7.570E-0001,-1.43434E-0007
 7.560E-0001,-1.28175E-0007
 7.550E-0001,-1.28175E-0007
 7.540E-0001,-1.19020E-0007
 7.530E-0001,-1.15968E-0007
 7.520E-0001,-1.12916E-0007
 7.510E-0001,-1.06813E-0007
 7.500E-0001,-1.06813E-0007
 7.490E-0001,-9.46059E-0008
 7.480E-0001,-9.15541E-0008
 7.470E-0001,-9.15541E-0008
 7.460E-0001,-9.15541E-0008
 7.450E-0001,-8.23987E-0008
 7.440E-0001,-8.23987E-0008
 7.430E-0001,-7.32433E-0008
 7.420E-0001,-7.01915E-0008
 7.410E-0001,-7.01915E-0008
 7.400E-0001,-6.71396E-0008
 7.390E-0001,-6.40878E-0008
 7.380E-0001,-5.79842E-0008
 7.370E-0001,-5.79842E-0008
 7.360E-0001,-4.88288E-0008
 7.350E-0001,-4.57770E-0008
 7.340E-0001,-3.96734E-0008
 7.330E-0001,-4.27252E-0008
 7.320E-0001,-4.27252E-0008
 7.310E-0001,-3.66216E-0008
 7.300E-0001,-3.05180E-0008
 7.290E-0001,-3.35698E-0008
 7.280E-0001,-3.05180E-0008
 7.270E-0001,-2.44144E-0008
 7.260E-0001,-2.44144E-0008
 7.250E-0001,-2.74662E-0008
 7.240E-0001,-9.15541E-0009
 7.230E-0001,-1.83108E-0008
 7.220E-0001,-1.22072E-0008
 7.210E-0001,-9.15541E-0009
 7.200E-0001,-6.10360E-0009
 7.190E-0001,-3.05180E-0009
 7.180E-0001, 0.00000E+0000
 7.170E-0001,-3.05180E-0009
 7.160E-0001, 1.22072E-0008
 7.150E-0001, 6.10360E-0009
 7.140E-0001, 1.22072E-0008
 7.130E-0001, 9.15541E-0009
 7.120E-0001, 1.52590E-0008
 7.110E-0001, 1.83108E-0008
 7.100E-0001, 2.13626E-0008
 7.090E-0001, 2.44144E-0008
 7.080E-0001, 2.44144E-0008
 7.070E-0001, 2.13626E-0008
 7.060E-0001, 2.74662E-0008
 7.050E-0001, 2.74662E-0008
 7.040E-0001, 2.74662E-0008
 7.030E-0001, 3.66216E-0008
 7.020E-0001, 3.66216E-0008
 7.010E-0001, 3.96734E-0008
 7.000E-0001, 4.27252E-0008
 6.990E-0001, 3.96734E-0008
 6.980E-0001, 5.49324E-0008
 6.970E-0001, 4.57770E-0008
 6.960E-0001, 4.88288E-0008
 6.950E-0001, 5.49324E-0008
 6.940E-0001, 5.49324E-0008
 6.930E-0001, 4.88288E-0008
 6.920E-0001, 6.10360E-0008
 6.910E-0001, 5.79842E-0008
 6.900E-0001, 5.79842E-0008
 6.890E-0001, 5.79842E-0008
 6.880E-0001, 6.71396E-0008
 6.870E-0001, 6.10360E-0008
 6.860E-0001, 6.10360E-0008
 6.850E-0001, 7.01915E-0008
 6.840E-0001, 6.40878E-0008
 6.830E-0001, 7.32433E-0008
 6.820E-0001, 7.01915E-0008
 6.810E-0001, 7.01915E-0008
 6.800E-0001, 7.62951E-0008
 6.790E-0001, 7.01915E-0008
 6.780E-0001, 7.62951E-0008
 6.770E-0001, 7.62951E-0008
 6.760E-0001, 7.93469E-0008
 6.750E-0001, 7.32433E-0008
 6.740E-0001, 7.93469E-0008
 6.730E-0001, 7.93469E-0008
 6.720E-0001, 7.32433E-0008
 6.710E-0001, 8.23987E-0008
 6.700E-0001, 7.93469E-0008
 6.690E-0001, 7.62951E-0008
 6.680E-0001, 8.54505E-0008
 6.670E-0001, 7.62951E-0008
 6.660E-0001, 7.93469E-0008
 6.650E-0001, 8.54505E-0008
 6.640E-0001, 8.85023E-0008
 6.630E-0001, 8.54505E-0008
 6.620E-0001, 8.85023E-0008
 6.610E-0001, 8.23987E-0008
 6.600E-0001, 8.23987E-0008
 6.590E-0001, 8.54505E-0008
 6.580E-0001, 9.15541E-0008
 6.570E-0001, 8.85023E-0008
 6.560E-0001, 9.46059E-0008
 6.550E-0001, 9.15541E-0008
 6.540E-0001, 8.54505E-0008
 6.530E-0001, 9.15541E-0008
 6.520E-0001, 8.85023E-0008
 6.510E-0001, 1.00709E-0007
 6.500E-0001, 9.46059E-0008
 6.490E-0001, 9.76577E-0008
 6.480E-0001, 9.15541E-0008
 6.470E-0001, 9.15541E-0008
 6.460E-0001, 9.76577E-0008
 6.450E-0001, 9.46059E-0008
 6.440E-0001, 9.76577E-0008
 6.430E-0001, 1.00709E-0007
 6.420E-0001, 1.03761E-0007
 6.410E-0001, 1.00709E-0007
 6.400E-0001, 1.03761E-0007
 6.390E-0001, 1.03761E-0007
 6.380E-0001, 1.09864E-0007
 6.370E-0001, 1.09864E-0007
 6.360E-0001, 1.03761E-0007
 6.350E-0001, 1.09864E-0007
 6.340E-0001, 1.06813E-0007
 6.330E-0001, 1.09864E-0007
 6.320E-0001, 1.09864E-0007
 6.310E-0001, 1.12916E-0007
 6.300E-0001, 1.15968E-0007
 6.290E-0001, 1.12916E-0007
 6.280E-0001, 1.15968E-0007
 6.270E-0001, 1.09864E-0007
 6.260E-0001, 1.12916E-0007
 6.250E-0001, 1.12916E-0007
 6.240E-0001, 1.15968E-0007
 6.230E-0001, 1.12916E-0007
 6.220E-0001, 1.15968E-0007
 6.210E-0001, 1.15968E-0007
 6.200E-0001, 1.15968E-0007
 6.190E-0001, 1.22072E-0007
 6.180E-0001, 1.19020E-0007
 6.170E-0001, 1.19020E-0007
 6.160E-0001, 1.19020E-0007
 6.150E-0001, 1.25123E-0007
 6.140E-0001, 1.25123E-0007
 6.130E-0001, 1.28175E-0007
 6.120E-0001, 1.22072E-0007
 6.110E-0001, 1.22072E-0007
 6.100E-0001, 1.22072E-0007
 6.090E-0001, 1.25123E-0007
 6.080E-0001, 1.28175E-0007
 6.070E-0001, 1.22072E-0007
 6.060E-0001, 1.25123E-0007
 6.050E-0001, 1.19020E-0007
 6.040E-0001, 1.28175E-0007
 6.030E-0001, 1.22072E-0007
 6.020E-0001, 1.25123E-0007
 6.010E-0001, 1.31227E-0007
 6.000E-0001, 1.34279E-0007
 5.990E-0001, 1.31227E-0007
 5.980E-0001, 1.34279E-0007
 5.970E-0001, 1.34279E-0007
 5.960E-0001, 1.31227E-0007
 5.950E-0001, 1.31227E-0007
 5.940E-0001, 1.28175E-0007
 5.930E-0001, 1.31227E-0007
 5.920E-0001, 1.31227E-0007
 5.910E-0001, 1.37331E-0007
 5.900E-0001, 1.28175E-0007
 5.890E-0001, 1.34279E-0007
 5.880E-0001, 1.37331E-0007
 5.870E-0001, 1.34279E-0007
 5.860E-0001, 1.34279E-0007
 5.850E-0001, 1.37331E-0007
 5.840E-0001, 1.40383E-0007
 5.830E-0001, 1.37331E-0007
 5.820E-0001, 1.43434E-0007
 5.810E-0001, 1.40383E-0007
 5.800E-0001, 1.34279E-0007
 5.790E-0001, 1.37331E-0007
 5.780E-0001, 1.43434E-0007
 5.770E-0001, 1.52590E-0007
 5.760E-0001, 1.37331E-0007
 5.750E-0001, 1.43434E-0007
 5.740E-0001, 1.46486E-0007
 5.730E-0001, 1.46486E-0007
 5.720E-0001, 1.46486E-0007
 5.710E-0001, 1.46486E-0007
 5.700E-0001, 1.46486E-0007
 5.690E-0001, 1.46486E-0007
 5.680E-0001, 1.43434E-0007
 5.670E-0001, 1.43434E-0007
 5.660E-0001, 1.46486E-0007
 5.650E-0001, 1.49538E-0007
 5.640E-0001, 1.49538E-0007
 5.630E-0001, 1.49538E-0007
 5.620E-0001, 1.49538E-0007
 5.610E-0001, 1.52590E-0007
 5.600E-0001, 1.46486E-0007
 5.590E-0001, 1.52590E-0007
 5.580E-0001, 1.49538E-0007
 5.570E-0001, 1.61745E-0007
 5.560E-0001, 1.52590E-0007
 5.550E-0001, 1.52590E-0007
 5.540E-0001, 1.52590E-0007
 5.530E-0001, 1.49538E-0007
 5.520E-0001, 1.55642E-0007
 5.510E-0001, 1.55642E-0007
 5.500E-0001, 1.55642E-0007
 5.490E-0001, 1.55642E-0007
 5.480E-0001, 1.58693E-0007
 5.470E-0001, 1.58693E-0007
 5.460E-0001, 1.55642E-0007
 5.450E-0001, 1.55642E-0007
 5.440E-0001, 1.61745E-0007
 5.430E-0001, 1.61745E-0007
 5.420E-0001, 1.55642E-0007
 5.410E-0001, 1.61745E-0007
 5.400E-0001, 1.55642E-0007
 5.390E-0001, 1.64797E-0007
 5.380E-0001, 1.61745E-0007
 5.370E-0001, 1.64797E-0007
 5.360E-0001, 1.67849E-0007
 5.350E-0001, 1.64797E-0007
 5.340E-0001, 1.61745E-0007
 5.330E-0001, 1.64797E-0007
 5.320E-0001, 1.58693E-0007
 5.310E-0001, 1.70901E-0007
 5.300E-0001, 1.64797E-0007
 5.290E-0001, 1.67849E-0007
 5.280E-0001, 1.67849E-0007
 5.270E-0001, 1.70901E-0007
 5.260E-0001, 1.67849E-0007
 5.250E-0001, 1.67849E-0007
 5.240E-0001, 1.64797E-0007
 5.230E-0001, 1.67849E-0007
 5.220E-0001, 1.61745E-0007
 5.210E-0001, 1.64797E-0007
 5.200E-0001, 1.70901E-0007
 5.190E-0001, 1.67849E-0007
 5.180E-0001, 1.73952E-0007
 5.170E-0001, 1.73952E-0007
 5.160E-0001, 1.77004E-0007
 5.150E-0001, 1.73952E-0007
 5.140E-0001, 1.77004E-0007
 5.130E-0001, 1.80056E-0007
 5.120E-0001, 1.77004E-0007
 5.110E-0001, 1.67849E-0007
 5.100E-0001, 1.77004E-0007
 5.090E-0001, 1.73952E-0007
 5.080E-0001, 1.77004E-0007
 5.070E-0001, 1.77004E-0007
 5.060E-0001, 1.77004E-0007
 5.050E-0001, 1.73952E-0007
 5.040E-0001, 1.70901E-0007
 5.030E-0001, 1.70901E-0007
 5.020E-0001, 1.80056E-0007
 5.010E-0001, 1.83108E-0007
 5.000E-0001, 1.80056E-0007
 4.990E-0001, 1.80056E-0007
 4.980E-0001, 1.80056E-0007
 4.970E-0001, 1.80056E-0007
 4.960E-0001, 1.80056E-0007
 4.950E-0001, 1.80056E-0007
 4.940E-0001, 1.80056E-0007
 4.930E-0001, 1.80056E-0007
 4.920E-0001, 1.80056E-0007
 4.910E-0001, 1.83108E-0007
 4.900E-0001, 1.80056E-0007
 4.890E-0001, 1.83108E-0007
 4.880E-0001, 1.80056E-0007
 4.870E-0001, 1.86160E-0007
 4.860E-0001, 1.80056E-0007
 4.850E-0001, 1.89211E-0007
 4.840E-0001, 1.77004E-0007
 4.830E-0001, 1.80056E-0007
 4.820E-0001, 1.86160E-0007
 4.810E-0001, 1.89211E-0007
 4.800E-0001, 1.86160E-0007
 4.790E-0001, 1.83108E-0007
 4.780E-0001, 1.83108E-0007
 4.770E-0001, 1.86160E-0007
 4.760E-0001, 1.86160E-0007
 4.750E-0001, 1.83108E-0007
 4.740E-0001, 1.92263E-0007
 4.730E-0001, 1.83108E-0007
 4.720E-0001, 1.86160E-0007
 4.710E-0001, 1.83108E-0007
 4.700E-0001, 1.83108E-0007
 4.690E-0001, 1.83108E-0007
 4.680E-0001, 1.86160E-0007
 4.670E-0001, 1.92263E-0007
 4.660E-0001, 1.89211E-0007
 4.650E-0001, 1.89211E-0007
 4.640E-0001, 1.89211E-0007
 4.630E-0001, 1.89211E-0007
 4.620E-0001, 1.89211E-0007
 4.610E-0001, 1.89211E-0007
 4.600E-0001, 1.89211E-0007
 4.590E-0001, 1.95315E-0007
 4.580E-0001, 1.89211E-0007
 4.570E-0001, 1.98367E-0007
 4.560E-0001, 1.98367E-0007
 4.550E-0001, 1.95315E-0007
 4.540E-0001, 2.01419E-0007
 4.530E-0001, 1.95315E-0007
 4.520E-0001, 1.98367E-0007
 4.510E-0001, 1.95315E-0007
 4.500E-0001, 1.98367E-0007
 4.490E-0001, 1.98367E-0007
 4.480E-0001, 2.01419E-0007
 4.470E-0001, 2.07522E-0007
 4.460E-0001, 2.01419E-0007
 4.450E-0001, 2.01419E-0007
 4.440E-0001, 2.01419E-0007
 4.430E-0001, 2.01419E-0007
 4.420E-0001, 2.01419E-0007
 4.410E-0001, 2.01419E-0007
 4.400E-0001, 1.98367E-0007
 4.390E-0001, 2.10574E-0007
 4.380E-0001, 2.04470E-0007
 4.370E-0001, 2.10574E-0007
 4.360E-0001, 2.10574E-0007
 4.350E-0001, 2.13626E-0007
 4.340E-0001, 2.07522E-0007
 4.330E-0001, 2.13626E-0007
 4.320E-0001, 2.07522E-0007
 4.310E-0001, 2.13626E-0007
 4.300E-0001, 2.10574E-0007
 4.290E-0001, 2.13626E-0007
 4.280E-0001, 2.13626E-0007
 4.270E-0001, 2.19729E-0007
 4.260E-0001, 2.22781E-0007
 4.250E-0001, 2.25833E-0007
 4.240E-0001, 2.22781E-0007
 4.230E-0001, 2.22781E-0007
 4.220E-0001, 2.31937E-0007
 4.210E-0001, 2.31937E-0007
 4.200E-0001, 2.28885E-0007
 4.190E-0001, 2.31937E-0007
 4.180E-0001, 2.31937E-0007
 4.170E-0001, 2.28885E-0007
 4.160E-0001, 2.38040E-0007
 4.150E-0001, 2.38040E-0007
 4.140E-0001, 2.44144E-0007
 4.130E-0001, 2.44144E-0007
 4.120E-0001, 2.47196E-0007
 4.110E-0001, 2.50247E-0007
 4.100E-0001, 2.44144E-0007
 4.090E-0001, 2.53299E-0007
 4.080E-0001, 2.53299E-0007
 4.070E-0001, 2.53299E-0007
 4.060E-0001, 2.62455E-0007
 4.050E-0001, 2.56351E-0007
 4.040E-0001, 2.59403E-0007
 4.030E-0001, 2.68558E-0007
 4.020E-0001, 2.68558E-0007
 4.010E-0001, 2.68558E-0007
 4.000E-0001, 2.71610E-0007
 3.990E-0001, 2.83817E-0007
 3.980E-0001, 2.80766E-0007
 3.970E-0001, 2.83817E-0007
 3.960E-0001, 2.92973E-0007
 3.950E-0001, 2.99076E-0007
 3.940E-0001, 3.05180E-0007
 3.930E-0001, 3.05180E-0007
 3.920E-0001, 3.05180E-0007
 3.910E-0001, 3.17387E-0007
 3.900E-0001, 3.20439E-0007
 3.890E-0001, 3.23491E-0007
 3.880E-0001, 3.29594E-0007
 3.870E-0001, 3.35698E-0007
 3.860E-0001, 3.29594E-0007
 3.850E-0001, 3.44853E-0007
 3.840E-0001, 3.47905E-0007
 3.830E-0001, 3.50957E-0007
 3.820E-0001, 3.60112E-0007
 3.810E-0001, 3.60112E-0007
 3.800E-0001, 3.72320E-0007
 3.790E-0001, 3.75371E-0007
 3.780E-0001, 3.84527E-0007
 3.770E-0001, 3.87579E-0007
 3.760E-0001, 3.96734E-0007
 3.750E-0001, 4.08941E-0007
 3.740E-0001, 4.15045E-0007
 3.730E-0001, 4.21149E-0007
 3.720E-0001, 4.30304E-0007
 3.710E-0001, 4.45563E-0007
 3.700E-0001, 4.51667E-0007
 3.690E-0001, 4.57770E-0007
 3.680E-0001, 4.69977E-0007
 3.670E-0001, 4.82185E-0007
 3.660E-0001, 4.88288E-0007
 3.650E-0001, 4.97444E-0007
 3.640E-0001, 5.03547E-0007
 3.630E-0001, 5.18806E-0007
 3.620E-0001, 5.31013E-0007
 3.610E-0001, 5.43221E-0007
 3.600E-0001, 5.52376E-0007
 3.590E-0001, 5.76791E-0007
 3.580E-0001, 5.85946E-0007
 3.570E-0001, 5.92050E-0007
 3.560E-0001, 6.10360E-0007
 3.550E-0001, 6.19516E-0007
 3.540E-0001, 6.40878E-0007
 3.530E-0001, 6.53086E-0007
 3.520E-0001, 6.71396E-0007
 3.510E-0001, 6.83604E-0007
 3.500E-0001, 7.01915E-0007
 3.490E-0001, 7.20225E-0007
 3.480E-0001, 7.35484E-0007
 3.470E-0001, 7.56847E-0007
 3.460E-0001, 7.75158E-0007
 3.450E-0001, 7.99572E-0007
 3.440E-0001, 8.17883E-0007
 3.430E-0001, 8.42298E-0007
 3.420E-0001, 8.63660E-0007
 3.410E-0001, 8.88075E-0007
 3.400E-0001, 9.03334E-0007
 3.390E-0001, 9.30800E-0007
 3.380E-0001, 9.64370E-0007
 3.370E-0001, 9.85732E-0007
 3.360E-0001, 1.01014E-0006
 3.350E-0001, 1.04066E-0006
 3.340E-0001, 1.06202E-0006
 3.330E-0001, 1.09559E-0006
 3.320E-0001, 1.12306E-0006
 3.310E-0001, 1.15663E-0006
 3.300E-0001, 1.18715E-0006
 3.290E-0001, 1.21766E-0006
 3.280E-0001, 1.25734E-0006
 3.270E-0001, 1.29091E-0006
 3.260E-0001, 1.32753E-0006
 3.250E-0001, 1.36110E-0006
 3.240E-0001, 1.39772E-0006
 3.230E-0001, 1.44045E-0006
 3.220E-0001, 1.47707E-0006
 3.210E-0001, 1.51674E-0006
 3.200E-0001, 1.56252E-0006
 3.190E-0001, 1.59609E-0006
 3.180E-0001, 1.65102E-0006
 3.170E-0001, 1.69680E-0006
 3.160E-0001, 1.74563E-0006
 3.150E-0001, 1.78835E-0006
 3.140E-0001, 1.84634E-0006
 3.130E-0001, 1.89211E-0006
 3.120E-0001, 1.95010E-0006
 3.110E-0001, 1.99893E-0006
 3.100E-0001, 2.05691E-0006
 3.090E-0001, 2.11184E-0006
 3.080E-0001, 2.17288E-0006
 3.070E-0001, 2.23086E-0006
 3.060E-0001, 2.29800E-0006
 3.050E-0001, 2.35599E-0006
 3.040E-0001, 2.41702E-0006
 3.030E-0001, 2.47806E-0006
 3.020E-0001, 2.55130E-0006
 3.010E-0001, 2.62455E-0006
 3.000E-0001, 2.69169E-0006
 2.990E-0001, 2.76493E-0006
 2.980E-0001, 2.83817E-0006
 2.970E-0001, 2.91752E-0006
 2.960E-0001, 2.99076E-0006
 2.950E-0001, 3.07011E-0006
 2.940E-0001, 3.14335E-0006
 2.930E-0001, 3.22880E-0006
 2.920E-0001, 3.31120E-0006
 2.910E-0001, 3.39360E-0006
 2.900E-0001, 3.48210E-0006
 2.890E-0001, 3.56755E-0006
 2.880E-0001, 3.66521E-0006
 2.870E-0001, 3.74456E-0006
 2.860E-0001, 3.83916E-0006
 2.850E-0001, 3.93377E-0006
 2.840E-0001, 4.03143E-0006
 2.830E-0001, 4.12603E-0006
 2.820E-0001, 4.22064E-0006
 2.810E-0001, 4.32135E-0006
 2.800E-0001, 4.42206E-0006
 2.790E-0001, 4.52582E-0006
 2.780E-0001, 4.63263E-0006
 2.770E-0001, 4.73334E-0006
 2.760E-0001, 4.84626E-0006
 2.750E-0001, 4.94697E-0006
 2.740E-0001, 5.05378E-0006
 2.730E-0001, 5.16975E-0006
 2.720E-0001, 5.27351E-0006
 2.710E-0001, 5.38643E-0006
 2.700E-0001, 5.50240E-0006
 2.690E-0001, 5.61532E-0006
 2.680E-0001, 5.73434E-0006
 2.670E-0001, 5.83810E-0006
 2.660E-0001, 5.96017E-0006
 2.650E-0001, 6.07309E-0006
 2.640E-0001, 6.18905E-0006
 2.630E-0001, 6.31113E-0006
 2.620E-0001, 6.42404E-0006
 2.610E-0001, 6.54612E-0006
 2.600E-0001, 6.67124E-0006
 2.590E-0001, 6.79331E-0006
 2.580E-0001, 6.90928E-0006
 2.570E-0001, 7.02830E-0006
 2.560E-0001, 7.14732E-0006
 2.550E-0001, 7.26939E-0006
 2.540E-0001, 7.38841E-0006
 2.530E-0001, 7.50743E-0006
 2.520E-0001, 7.63256E-0006
 2.510E-0001, 7.75158E-0006
 2.500E-0001, 7.87365E-0006
 2.490E-0001, 7.98046E-0006
 2.480E-0001, 8.10559E-0006
 2.470E-0001, 8.21850E-0006
 2.460E-0001, 8.33447E-0006
 2.450E-0001, 8.45654E-0006
 2.440E-0001, 8.56946E-0006
 2.430E-0001, 8.68238E-0006
 2.420E-0001, 8.79224E-0006
 2.410E-0001, 8.90516E-0006
 2.400E-0001, 9.02113E-0006
 2.390E-0001, 9.12794E-0006
 2.380E-0001, 9.24086E-0006
 2.370E-0001, 9.34157E-0006
 2.360E-0001, 9.45448E-0006
 2.350E-0001, 9.55519E-0006
 2.340E-0001, 9.64980E-0006
 2.330E-0001, 9.75661E-0006
 2.320E-0001, 9.85122E-0006
 2.310E-0001, 9.95498E-0006
 2.300E-0001, 1.00404E-0005
 2.290E-0001, 1.01441E-0005
 2.280E-0001, 1.02327E-0005
 2.270E-0001, 1.03212E-0005
 2.260E-0001, 1.04158E-0005
 2.250E-0001, 1.05043E-0005
 2.240E-0001, 1.05867E-0005
 2.230E-0001, 1.06660E-0005
 2.220E-0001, 1.07576E-0005
 2.210E-0001, 1.08247E-0005
 2.200E-0001, 1.09071E-0005
 2.190E-0001, 1.09834E-0005
 2.180E-0001, 1.10536E-0005
 2.170E-0001, 1.11268E-0005
 2.160E-0001, 1.11909E-0005
 2.150E-0001, 1.12520E-0005
 2.140E-0001, 1.13252E-0005
 2.130E-0001, 1.13923E-0005
 2.120E-0001, 1.14503E-0005
 2.110E-0001, 1.15144E-0005
 2.100E-0001, 1.15724E-0005
 2.090E-0001, 1.16212E-0005
 2.080E-0001, 1.16731E-0005
 2.070E-0001, 1.17311E-0005
 2.060E-0001, 1.17830E-0005
 2.050E-0001, 1.18257E-0005
 2.040E-0001, 1.18745E-0005
 2.030E-0001, 1.19142E-0005
 2.020E-0001, 1.19569E-0005
 2.010E-0001, 1.19935E-0005
 2.000E-0001, 1.20271E-0005
 1.990E-0001, 1.20729E-0005
 1.980E-0001, 1.21065E-0005
 1.970E-0001, 1.21370E-0005
 1.960E-0001, 1.21675E-0005
 1.950E-0001, 1.21980E-0005
 1.940E-0001, 1.22255E-0005
 1.930E-0001, 1.22529E-0005
 1.920E-0001, 1.22774E-0005
 1.910E-0001, 1.22987E-0005
 1.900E-0001, 1.23140E-0005
 1.890E-0001, 1.23414E-0005
 1.880E-0001, 1.23567E-0005
 1.870E-0001, 1.23750E-0005
 1.860E-0001, 1.23872E-0005
 1.850E-0001, 1.24025E-0005
 1.840E-0001, 1.24147E-0005
 1.830E-0001, 1.24269E-0005
 1.820E-0001, 1.24330E-0005
 1.810E-0001, 1.24452E-0005
 1.800E-0001, 1.24574E-0005
 1.790E-0001, 1.24605E-0005
 1.780E-0001, 1.24605E-0005
 1.770E-0001, 1.24727E-0005
 1.760E-0001, 1.24666E-0005
 1.750E-0001, 1.24727E-0005
 1.740E-0001, 1.24757E-0005
 1.730E-0001, 1.24727E-0005
 1.720E-0001, 1.24757E-0005
 1.710E-0001, 1.24788E-0005
 1.700E-0001, 1.24788E-0005
 1.690E-0001, 1.24696E-0005
 1.680E-0001, 1.24666E-0005
 1.670E-0001, 1.24605E-0005
 1.660E-0001, 1.24605E-0005
 1.650E-0001, 1.24574E-0005
 1.640E-0001, 1.24391E-0005
 1.630E-0001, 1.24361E-0005
 1.620E-0001, 1.24299E-0005
 1.610E-0001, 1.24208E-0005
 1.600E-0001, 1.24116E-0005
 1.590E-0001, 1.24086E-0005
 1.580E-0001, 1.23964E-0005
 1.570E-0001, 1.23842E-0005
 1.560E-0001, 1.23689E-0005
 1.550E-0001, 1.23689E-0005
 1.540E-0001, 1.23476E-0005
 1.530E-0001, 1.23353E-0005
 1.520E-0001, 1.23262E-0005
 1.510E-0001, 1.23109E-0005
 1.500E-0001, 1.23048E-0005
 1.490E-0001, 1.22835E-0005
 1.480E-0001, 1.22713E-0005
 1.470E-0001, 1.22499E-0005
 1.460E-0001, 1.22377E-0005
 1.450E-0001, 1.22194E-0005
 1.440E-0001, 1.22072E-0005
 1.430E-0001, 1.21889E-0005
 1.420E-0001, 1.21797E-0005
 1.410E-0001, 1.21614E-0005
 1.400E-0001, 1.21492E-0005
 1.390E-0001, 1.21309E-0005
 1.380E-0001, 1.21126E-0005
 1.370E-0001, 1.20881E-0005
 1.360E-0001, 1.20820E-0005
 1.350E-0001, 1.20637E-0005
 1.340E-0001, 1.20454E-0005
 1.330E-0001, 1.20271E-0005
 1.320E-0001, 1.20119E-0005
 1.310E-0001, 1.19874E-0005
 1.300E-0001, 1.19691E-0005
 1.290E-0001, 1.19569E-0005
 1.280E-0001, 1.19356E-0005
 1.270E-0001, 1.19172E-0005
 1.260E-0001, 1.19020E-0005
 1.250E-0001, 1.18776E-0005
 1.240E-0001, 1.18654E-0005
 1.230E-0001, 1.18501E-0005
 1.220E-0001, 1.18348E-0005
 1.210E-0001, 1.18104E-0005
 1.200E-0001, 1.17921E-0005
 1.190E-0001, 1.17738E-0005
 1.180E-0001, 1.17555E-0005
 1.170E-0001, 1.17372E-0005
 1.160E-0001, 1.17219E-0005
 1.150E-0001, 1.17036E-0005
 1.140E-0001, 1.16853E-0005
 1.130E-0001, 1.16548E-0005
 1.120E-0001, 1.16487E-0005
 1.110E-0001, 1.16273E-0005
 1.100E-0001, 1.16090E-0005
 1.090E-0001, 1.15907E-0005
 1.080E-0001, 1.15785E-0005
 1.070E-0001, 1.15541E-0005
 1.060E-0001, 1.15419E-0005
 1.050E-0001, 1.15205E-0005
 1.040E-0001, 1.14991E-0005
 1.030E-0001, 1.14869E-0005
 1.020E-0001, 1.14747E-0005
 1.010E-0001, 1.14534E-0005
 1.000E-0001, 1.14351E-0005
 9.900E-0002, 1.14137E-0005
 9.800E-0002, 1.14015E-0005
 9.700E-0002, 1.13801E-0005
 9.600E-0002, 1.13649E-0005
 9.500E-0002, 1.13466E-0005
 9.400E-0002, 1.13313E-0005
 9.300E-0002, 1.13099E-0005
 9.200E-0002, 1.13008E-0005
 9.100E-0002, 1.12733E-0005
 9.000E-0002, 1.12611E-0005
 8.900E-0002, 1.12489E-0005
 8.800E-0002, 1.12336E-0005
 8.700E-0002, 1.12123E-0005
 8.600E-0002, 1.11879E-0005
 8.500E-0002, 1.11787E-0005
 8.400E-0002, 1.11635E-0005
 8.300E-0002, 1.11482E-0005
 8.200E-0002, 1.11238E-0005
 8.100E-0002, 1.11146E-0005
 8.000E-0002, 1.11024E-0005
 7.900E-0002, 1.10841E-0005
 7.800E-0002, 1.10688E-0005
 7.700E-0002, 1.10566E-0005
 7.600E-0002, 1.10414E-0005
 7.500E-0002, 1.10231E-0005
 7.400E-0002, 1.10017E-0005
 7.300E-0002, 1.09987E-0005
 7.200E-0002, 1.09742E-0005
 7.100E-0002, 1.09559E-0005
 7.000E-0002, 1.09468E-0005
 6.900E-0002, 1.09285E-0005
 6.800E-0002, 1.09193E-0005
 6.700E-0002, 1.09040E-0005
 6.600E-0002, 1.08918E-0005
 6.500E-0002, 1.08735E-0005
 6.400E-0002, 1.08613E-0005
 6.300E-0002, 1.08522E-0005
 6.200E-0002, 1.08400E-0005
 6.100E-0002, 1.08216E-0005
 6.000E-0002, 1.08064E-0005
 5.900E-0002, 1.07942E-0005
 5.800E-0002, 1.07850E-0005
 5.700E-0002, 1.07698E-0005
 5.600E-0002, 1.07576E-0005
 5.500E-0002, 1.07423E-0005
 5.400E-0002, 1.07331E-0005
 5.300E-0002, 1.07148E-0005
 5.200E-0002, 1.07026E-0005
 5.100E-0002, 1.06935E-0005
 5.000E-0002, 1.06782E-0005
 4.900E-0002, 1.06630E-0005
 4.800E-0002, 1.06569E-0005
 4.700E-0002, 1.06446E-0005
 4.600E-0002, 1.06233E-0005
 4.500E-0002, 1.06202E-0005
 4.400E-0002, 1.05989E-0005
 4.300E-0002, 1.05958E-0005
 4.200E-0002, 1.05806E-0005
 4.100E-0002, 1.05745E-0005
 4.000E-0002, 1.05592E-0005
 3.900E-0002, 1.05470E-0005
 3.800E-0002, 1.05256E-0005
 3.700E-0002, 1.05287E-0005
 3.600E-0002, 1.05165E-0005
 3.500E-0002, 1.05043E-0005
 3.400E-0002, 1.04951E-0005
 3.300E-0002, 1.04829E-0005
 3.200E-0002, 1.04676E-0005
 3.100E-0002, 1.04615E-0005
 3.000E-0002, 1.04463E-0005
 2.900E-0002, 1.04463E-0005
 2.800E-0002, 1.04310E-0005
 2.700E-0002, 1.04188E-0005
 2.600E-0002, 1.04188E-0005
 2.500E-0002, 1.04066E-0005
 2.400E-0002, 1.04005E-0005
 2.300E-0002, 1.03822E-0005
 2.200E-0002, 1.03700E-0005
 2.100E-0002, 1.03669E-0005
 2.000E-0002, 1.03578E-0005
 1.900E-0002, 1.03456E-0005
 1.800E-0002, 1.03395E-0005
 1.700E-0002, 1.03334E-0005
 1.600E-0002, 1.03181E-0005
 1.500E-0002, 1.03150E-0005
 1.400E-0002, 1.03089E-0005
 1.300E-0002, 1.02967E-0005
 1.200E-0002, 1.02906E-0005
 1.100E-0002, 1.02754E-0005
 1.000E-0002, 1.02723E-0005
 9.000E-0003, 1.02662E-0005
 8.000E-0003, 1.02632E-0005
 7.000E-0003, 1.02571E-0005
 6.000E-0003, 1.02449E-0005
 5.000E-0003, 1.02418E-0005
 4.000E-0003, 1.02296E-0005
 3.000E-0003, 1.02235E-0005
 2.000E-0003, 1.02113E-0005
 1.000E-0003, 1.02143E-0005
 0.000E+0000, 1.02082E-0005
-1.000E-0003, 1.02021E-0005
-2.000E-0003, 1.01960E-0005
-3.000E-0003, 1.01869E-0005
-4.000E-0003, 1.01838E-0005
-5.000E-0003, 1.01716E-0005
-6.000E-0003, 1.01686E-0005
-7.000E-0003, 1.01686E-0005
-8.000E-0003, 1.01625E-0005
-9.000E-0003, 1.01533E-0005
-1.000E-0002, 1.01441E-0005
-1.100E-0002, 1.01472E-0005
-1.200E-0002, 1.01380E-0005
-1.300E-0002, 1.01380E-0005
-1.400E-0002, 1.01319E-0005
-1.500E-0002, 1.01258E-0005
-1.600E-0002, 1.01258E-0005
-1.700E-0002, 1.01197E-0005
-1.800E-0002, 1.01167E-0005
-1.900E-0002, 1.01167E-0005
-2.000E-0002, 1.01106E-0005
-2.100E-0002, 1.01075E-0005
-2.200E-0002, 1.00953E-0005
-2.300E-0002, 1.00984E-0005
-2.400E-0002, 1.00953E-0005
-2.500E-0002, 1.00923E-0005
-2.600E-0002, 1.00923E-0005
-2.700E-0002, 1.00862E-0005
-2.800E-0002, 1.00923E-0005
-2.900E-0002, 1.00831E-0005
-3.000E-0002, 1.00801E-0005
-3.100E-0002, 1.00740E-0005
-3.200E-0002, 1.00770E-0005
-3.300E-0002, 1.00740E-0005
-3.400E-0002, 1.00801E-0005
-3.500E-0002, 1.00770E-0005
-3.600E-0002, 1.00740E-0005
-3.700E-0002, 1.00770E-0005
-3.800E-0002, 1.00709E-0005
-3.900E-0002, 1.00740E-0005
-4.000E-0002, 1.00648E-0005
-4.100E-0002, 1.00679E-0005
-4.200E-0002, 1.00679E-0005
-4.300E-0002, 1.00740E-0005
-4.400E-0002, 1.00709E-0005
-4.500E-0002, 1.00679E-0005
-4.600E-0002, 1.00709E-0005
-4.700E-0002, 1.00679E-0005
-4.800E-0002, 1.00770E-0005
-4.900E-0002, 1.00709E-0005
-5.000E-0002, 1.00709E-0005
-5.100E-0002, 1.00770E-0005
-5.200E-0002, 1.00740E-0005
-5.300E-0002, 1.00770E-0005
-5.400E-0002, 1.00831E-0005
-5.500E-0002, 1.00770E-0005
-5.600E-0002, 1.00740E-0005
-5.700E-0002, 1.00770E-0005
-5.800E-0002, 1.00801E-0005
-5.900E-0002, 1.00801E-0005
-6.000E-0002, 1.00862E-0005
-6.100E-0002, 1.00831E-0005
-6.200E-0002, 1.00953E-0005
-6.300E-0002, 1.00953E-0005
-6.400E-0002, 1.00984E-0005
-6.500E-0002, 1.01014E-0005
-6.600E-0002, 1.00984E-0005
-6.700E-0002, 1.01014E-0005
-6.800E-0002, 1.00984E-0005
-6.900E-0002, 1.01075E-0005
-7.000E-0002, 1.01136E-0005
-7.100E-0002, 1.01228E-0005
-7.200E-0002, 1.01258E-0005
-7.300E-0002, 1.01258E-0005
-7.400E-0002, 1.01258E-0005
-7.500E-0002, 1.01319E-0005
-7.600E-0002, 1.01350E-0005
-7.700E-0002, 1.01441E-0005
-7.800E-0002, 1.01411E-0005
-7.900E-0002, 1.01441E-0005
-8.000E-0002, 1.01533E-0005
-8.100E-0002, 1.01564E-0005
-8.200E-0002, 1.01655E-0005
-8.300E-0002, 1.01686E-0005
-8.400E-0002, 1.01716E-0005
-8.500E-0002, 1.01716E-0005
-8.600E-0002, 1.01747E-0005
-8.700E-0002, 1.01747E-0005
-8.800E-0002, 1.01869E-0005
-8.900E-0002, 1.01960E-0005
-9.000E-0002, 1.01991E-0005
-9.100E-0002, 1.02021E-0005
-9.200E-0002, 1.02021E-0005
-9.300E-0002, 1.02143E-0005
-9.400E-0002, 1.02204E-0005
-9.500E-0002, 1.02235E-0005
-9.600E-0002, 1.02296E-0005
-9.700E-0002, 1.02296E-0005
-9.800E-0002, 1.02357E-0005
-9.900E-0002, 1.02357E-0005
-1.000E-0001, 1.02449E-0005
-1.010E-0001, 1.02601E-0005
-1.020E-0001, 1.02632E-0005
-1.030E-0001, 1.02693E-0005
-1.040E-0001, 1.02723E-0005
-1.050E-0001, 1.02784E-0005
-1.060E-0001, 1.02845E-0005
-1.070E-0001, 1.02906E-0005
-1.080E-0001, 1.02906E-0005
-1.090E-0001, 1.02998E-0005
-1.100E-0001, 1.03089E-0005
-1.110E-0001, 1.03120E-0005
-1.120E-0001, 1.03181E-0005
-1.130E-0001, 1.03242E-0005
-1.140E-0001, 1.03273E-0005
-1.150E-0001, 1.03303E-0005
-1.160E-0001, 1.03395E-0005
-1.170E-0001, 1.03456E-0005
-1.180E-0001, 1.03547E-0005
-1.190E-0001, 1.03578E-0005
-1.200E-0001, 1.03608E-0005
-1.190E-0001, 1.03639E-0005
-1.180E-0001, 1.03456E-0005
-1.170E-0001, 1.03089E-0005
-1.160E-0001, 1.02601E-0005
-1.150E-0001, 1.02113E-0005
-1.140E-0001, 1.01503E-0005
-1.130E-0001, 1.00923E-0005
-1.120E-0001, 1.00312E-0005
-1.110E-0001, 9.97024E-0006
-1.100E-0001, 9.91226E-0006
-1.090E-0001, 9.84817E-0006
-1.080E-0001, 9.79324E-0006
-1.070E-0001, 9.73220E-0006
-1.060E-0001, 9.67421E-0006
-1.050E-0001, 9.62233E-0006
-1.040E-0001, 9.57351E-0006
-1.030E-0001, 9.52468E-0006
-1.020E-0001, 9.47585E-0006
-1.010E-0001, 9.43007E-0006
-1.000E-0001, 9.38735E-0006
-9.900E-0002, 9.33852E-0006
-9.800E-0002, 9.30189E-0006
-9.700E-0002, 9.25307E-0006
-9.600E-0002, 9.20729E-0006
-9.500E-0002, 9.17372E-0006
-9.400E-0002, 9.12794E-0006
-9.300E-0002, 9.08827E-0006
-9.200E-0002, 9.04554E-0006
-9.100E-0002, 9.00892E-0006
-9.000E-0002, 8.96620E-0006
-8.900E-0002, 8.92957E-0006
-8.800E-0002, 8.89295E-0006
-8.700E-0002, 8.85328E-0006
-8.600E-0002, 8.82276E-0006
-8.500E-0002, 8.78309E-0006
-8.400E-0002, 8.75257E-0006
-8.300E-0002, 8.70984E-0006
-8.200E-0002, 8.67627E-0006
-8.100E-0002, 8.64271E-0006
-8.000E-0002, 8.60303E-0006
-7.900E-0002, 8.57557E-0006
-7.800E-0002, 8.54810E-0006
-7.700E-0002, 8.50843E-0006
-7.600E-0002, 8.47791E-0006
-7.500E-0002, 8.44739E-0006
-7.400E-0002, 8.41077E-0006
-7.300E-0002, 8.38025E-0006
-7.200E-0002, 8.34973E-0006
-7.100E-0002, 8.31616E-0006
-7.000E-0002, 8.29175E-0006
-6.900E-0002, 8.26123E-0006
-6.800E-0002, 8.23376E-0006
-6.700E-0002, 8.19714E-0006
-6.600E-0002, 8.16968E-0006
-6.500E-0002, 8.14221E-0006
-6.400E-0002, 8.10864E-0006
-6.300E-0002, 8.09033E-0006
-6.200E-0002, 8.06286E-0006
-6.100E-0002, 8.02929E-0006
-6.000E-0002, 7.99877E-0006
-5.900E-0002, 7.97436E-0006
-5.800E-0002, 7.94384E-0006
-5.700E-0002, 7.92553E-0006
-5.600E-0002, 7.89196E-0006
-5.500E-0002, 7.86755E-0006
-5.400E-0002, 7.83398E-0006
-5.300E-0002, 7.81567E-0006
-5.200E-0002, 7.78820E-0006
-5.100E-0002, 7.76379E-0006
-5.000E-0002, 7.73937E-0006
-4.900E-0002, 7.70580E-0006
-4.800E-0002, 7.68749E-0006
-4.700E-0002, 7.66002E-0006
-4.600E-0002, 7.63256E-0006
-4.500E-0002, 7.61425E-0006
-4.400E-0002, 7.58678E-0006
-4.300E-0002, 7.55931E-0006
-4.200E-0002, 7.53795E-0006
-4.100E-0002, 7.51354E-0006
-4.000E-0002, 7.49523E-0006
-3.900E-0002, 7.46776E-0006
-3.800E-0002, 7.44945E-0006
-3.700E-0002, 7.42504E-0006
-3.600E-0002, 7.40367E-0006
-3.500E-0002, 7.38231E-0006
-3.400E-0002, 7.35484E-0006
-3.300E-0002, 7.33043E-0006
-3.200E-0002, 7.31212E-0006
-3.100E-0002, 7.28770E-0006
-3.000E-0002, 7.25719E-0006
-2.900E-0002, 7.23887E-0006
-2.800E-0002, 7.21751E-0006
-2.700E-0002, 7.19920E-0006
-2.600E-0002, 7.17784E-0006
-2.500E-0002, 7.15648E-0006
-2.400E-0002, 7.13511E-0006
-2.300E-0002, 7.11985E-0006
-2.200E-0002, 7.09849E-0006
-2.100E-0002, 7.08018E-0006
-2.000E-0002, 7.06187E-0006
-1.900E-0002, 7.04356E-0006
-1.800E-0002, 7.01609E-0006
-1.700E-0002, 7.00083E-0006
-1.600E-0002, 6.98252E-0006
-1.500E-0002, 6.95506E-0006
-1.400E-0002, 6.93369E-0006
-1.300E-0002, 6.91538E-0006
-1.200E-0002, 6.90623E-0006
-1.100E-0002, 6.88487E-0006
-1.000E-0002, 6.86350E-0006
-9.000E-0003, 6.84519E-0006
-8.000E-0003, 6.82383E-0006
-7.000E-0003, 6.80247E-0006
-6.000E-0003, 6.78416E-0006
-5.000E-0003, 6.76890E-0006
-4.000E-0003, 6.74448E-0006
-3.000E-0003, 6.73228E-0006
-2.000E-0003, 6.70786E-0006
-1.000E-0003, 6.69260E-0006
 0.000E+0000, 6.68345E-0006
 1.000E-0003, 6.66208E-0006
 2.000E-0003, 6.65293E-0006
 3.000E-0003, 6.62241E-0006
 4.000E-0003, 6.60715E-0006
 5.000E-0003, 6.59800E-0006
 6.000E-0003, 6.57358E-0006
 7.000E-0003, 6.55832E-0006
 8.000E-0003, 6.54306E-0006
 9.000E-0003, 6.53086E-0006
 1.000E-0002, 6.50339E-0006
 1.100E-0002, 6.49423E-0006
 1.200E-0002, 6.47592E-0006
 1.300E-0002, 6.45761E-0006
 1.400E-0002, 6.44235E-0006
 1.500E-0002, 6.43015E-0006
 1.600E-0002, 6.41184E-0006
 1.700E-0002, 6.39353E-0006
 1.800E-0002, 6.37827E-0006
 1.900E-0002, 6.35690E-0006
 2.000E-0002, 6.34775E-0006
 2.100E-0002, 6.33249E-0006
 2.200E-0002, 6.31723E-0006
 2.300E-0002, 6.29892E-0006
 2.400E-0002, 6.28366E-0006
 2.500E-0002, 6.26840E-0006
 2.600E-0002, 6.25314E-0006
 2.700E-0002, 6.23483E-0006
 2.800E-0002, 6.22568E-0006
 2.900E-0002, 6.21042E-0006
 3.000E-0002, 6.20126E-0006
 3.100E-0002, 6.18295E-0006
 3.200E-0002, 6.16464E-0006
 3.300E-0002, 6.15548E-0006
 3.400E-0002, 6.13412E-0006
 3.500E-0002, 6.12191E-0006
 3.600E-0002, 6.09750E-0006
 3.700E-0002, 6.08529E-0006
 3.800E-0002, 6.07614E-0006
 3.900E-0002, 6.05783E-0006
 4.000E-0002, 6.04562E-0006
 4.100E-0002, 6.03341E-0006
 4.200E-0002, 6.01815E-0006
 4.300E-0002, 6.00595E-0006
 4.400E-0002, 5.98458E-0006
 4.500E-0002, 5.97543E-0006
 4.600E-0002, 5.95712E-0006
 4.700E-0002, 5.94186E-0006
 4.800E-0002, 5.92660E-0006
 4.900E-0002, 5.91439E-0006
 5.000E-0002, 5.90218E-0006
 5.100E-0002, 5.88693E-0006
 5.200E-0002, 5.87777E-0006
 5.300E-0002, 5.85946E-0006
 5.400E-0002, 5.84420E-0006
 5.500E-0002, 5.83199E-0006
 5.600E-0002, 5.81673E-0006
 5.700E-0002, 5.80148E-0006
 5.800E-0002, 5.79537E-0006
 5.900E-0002, 5.78011E-0006
 6.000E-0002, 5.75265E-0006
 6.100E-0002, 5.74654E-0006
 6.200E-0002, 5.73128E-0006
 6.300E-0002, 5.71908E-0006
 6.400E-0002, 5.71297E-0006
 6.500E-0002, 5.69466E-0006
 6.600E-0002, 5.67330E-0006
 6.700E-0002, 5.66720E-0006
 6.800E-0002, 5.64888E-0006
 6.900E-0002, 5.63668E-0006
 7.000E-0002, 5.62447E-0006
 7.100E-0002, 5.61226E-0006
 7.200E-0002, 5.60006E-0006
 7.300E-0002, 5.57869E-0006
 7.400E-0002, 5.57259E-0006
 7.500E-0002, 5.55123E-0006
 7.600E-0002, 5.54207E-0006
 7.700E-0002, 5.52376E-0006
 7.800E-0002, 5.51155E-0006
 7.900E-0002, 5.49935E-0006
 8.000E-0002, 5.48714E-0006
 8.100E-0002, 5.47798E-0006
 8.200E-0002, 5.45967E-0006
 8.300E-0002, 5.44136E-0006
 8.400E-0002, 5.43526E-0006
 8.500E-0002, 5.42000E-0006
 8.600E-0002, 5.39864E-0006
 8.700E-0002, 5.39253E-0006
 8.800E-0002, 5.37727E-0006
 8.900E-0002, 5.36202E-0006
 9.000E-0002, 5.35286E-0006
 9.100E-0002, 5.33455E-0006
 9.200E-0002, 5.31319E-0006
 9.300E-0002, 5.31013E-0006
 9.400E-0002, 5.28267E-0006
 9.500E-0002, 5.27656E-0006
 9.600E-0002, 5.26131E-0006
 9.700E-0002, 5.24299E-0006
 9.800E-0002, 5.23079E-0006
 9.900E-0002, 5.22468E-0006
 1.000E-0001, 5.20943E-0006
 1.010E-0001, 5.19722E-0006
 1.020E-0001, 5.18196E-0006
 1.030E-0001, 5.16365E-0006
 1.040E-0001, 5.14839E-0006
 1.050E-0001, 5.13313E-0006
 1.060E-0001, 5.12092E-0006
 1.070E-0001, 5.10566E-0006
 1.080E-0001, 5.09040E-0006
 1.090E-0001, 5.06904E-0006
 1.100E-0001, 5.05989E-0006
 1.110E-0001, 5.04768E-0006
 1.120E-0001, 5.02937E-0006
 1.130E-0001, 5.01106E-0006
 1.140E-0001, 5.00190E-0006
 1.150E-0001, 4.98664E-0006
 1.160E-0001, 4.97444E-0006
 1.170E-0001, 4.95307E-0006
 1.180E-0001, 4.93476E-0006
 1.190E-0001, 4.92866E-0006
 1.200E-0001, 4.90730E-0006
 1.210E-0001, 4.89204E-0006
 1.220E-0001, 4.87067E-0006
 1.230E-0001, 4.85542E-0006
 1.240E-0001, 4.83710E-0006
 1.250E-0001, 4.82795E-0006
 1.260E-0001, 4.80659E-0006
 1.270E-0001, 4.79438E-0006
 1.280E-0001, 4.77607E-0006
 1.290E-0001, 4.75776E-0006
 1.300E-0001, 4.74555E-0006
 1.310E-0001, 4.72724E-0006
 1.320E-0001, 4.70588E-0006
 1.330E-0001, 4.69367E-0006
 1.340E-0001, 4.67536E-0006
 1.350E-0001, 4.65705E-0006
 1.360E-0001, 4.63874E-0006
 1.370E-0001, 4.61738E-0006
 1.380E-0001, 4.59601E-0006
 1.390E-0001, 4.57770E-0006
 1.400E-0001, 4.56244E-0006
 1.410E-0001, 4.54413E-0006
 1.420E-0001, 4.52277E-0006
 1.430E-0001, 4.50751E-0006
 1.440E-0001, 4.48615E-0006
 1.450E-0001, 4.46478E-0006
 1.460E-0001, 4.44342E-0006
 1.470E-0001, 4.41596E-0006
 1.480E-0001, 4.39765E-0006
 1.490E-0001, 4.37628E-0006
 1.500E-0001, 4.35797E-0006
 1.510E-0001, 4.33661E-0006
 1.520E-0001, 4.31525E-0006
 1.530E-0001, 4.28778E-0006
 1.540E-0001, 4.27252E-0006
 1.550E-0001, 4.23895E-0006
 1.560E-0001, 4.22369E-0006
 1.570E-0001, 4.19317E-0006
 1.580E-0001, 4.17181E-0006
 1.590E-0001, 4.14435E-0006
 1.600E-0001, 4.11993E-0006
 1.610E-0001, 4.09246E-0006
 1.620E-0001, 4.07110E-0006
 1.630E-0001, 4.04669E-0006
 1.640E-0001, 4.01312E-0006
 1.650E-0001, 3.98870E-0006
 1.660E-0001, 3.96429E-0006
 1.670E-0001, 3.93072E-0006
 1.680E-0001, 3.90630E-0006
 1.690E-0001, 3.86968E-0006
 1.700E-0001, 3.83611E-0006
 1.710E-0001, 3.80560E-0006
 1.720E-0001, 3.77813E-0006
 1.730E-0001, 3.74151E-0006
 1.740E-0001, 3.71099E-0006
 1.750E-0001, 3.68047E-0006
 1.760E-0001, 3.64385E-0006
 1.770E-0001, 3.61638E-0006
 1.780E-0001, 3.58281E-0006
 1.790E-0001, 3.54314E-0006
 1.800E-0001, 3.50652E-0006
 1.810E-0001, 3.46990E-0006
 1.820E-0001, 3.43327E-0006
 1.830E-0001, 3.39971E-0006
 1.840E-0001, 3.35088E-0006
 1.850E-0001, 3.31425E-0006
 1.860E-0001, 3.27458E-0006
 1.870E-0001, 3.23491E-0006
 1.880E-0001, 3.18913E-0006
 1.890E-0001, 3.14641E-0006
 1.900E-0001, 3.10368E-0006
 1.910E-0001, 3.05790E-0006
 1.920E-0001, 3.01213E-0006
 1.930E-0001, 2.96330E-0006
 1.940E-0001, 2.91447E-0006
 1.950E-0001, 2.85954E-0006
 1.960E-0001, 2.81376E-0006
 1.970E-0001, 2.76493E-0006
 1.980E-0001, 2.71000E-0006
 1.990E-0001, 2.65506E-0006
 2.000E-0001, 2.60318E-0006
 2.010E-0001, 2.54520E-0006
 2.020E-0001, 2.49637E-0006
 2.030E-0001, 2.42618E-0006
 2.040E-0001, 2.37430E-0006
 2.050E-0001, 2.31021E-0006
 2.060E-0001, 2.25528E-0006
 2.070E-0001, 2.19729E-0006
 2.080E-0001, 2.12405E-0006
 2.090E-0001, 2.05081E-0006
 2.100E-0001, 1.99282E-0006
 2.110E-0001, 1.91958E-0006
 2.120E-0001, 1.85854E-0006
 2.130E-0001, 1.78835E-0006
 2.140E-0001, 1.71816E-0006
 2.150E-0001, 1.64492E-0006
 2.160E-0001, 1.57473E-0006
 2.170E-0001, 1.49538E-0006
 2.180E-0001, 1.41908E-0006
 2.190E-0001, 1.34279E-0006
 2.200E-0001, 1.26344E-0006
 2.210E-0001, 1.18410E-0006
 2.220E-0001, 1.10475E-0006
 2.230E-0001, 1.01930E-0006
 2.240E-0001, 9.36903E-0007
 2.250E-0001, 8.45349E-0007
 2.260E-0001, 7.69054E-0007
 2.270E-0001, 6.74448E-0007
 2.280E-0001, 5.85946E-0007
 2.290E-0001, 4.94392E-0007
 2.300E-0001, 3.99786E-0007
 2.310E-0001, 3.08232E-0007
 2.320E-0001, 2.16678E-0007
 2.330E-0001, 1.22072E-0007
 2.340E-0001, 2.13626E-0008
 2.350E-0001,-7.93469E-0008
 2.360E-0001,-1.83108E-0007
 2.370E-0001,-2.80766E-0007
 2.380E-0001,-3.81475E-0007
 2.390E-0001,-4.76081E-0007
 2.400E-0001,-5.85946E-0007
 2.410E-0001,-6.89707E-0007
 2.420E-0001,-7.96520E-0007
 2.430E-0001,-9.03334E-0007
 2.440E-0001,-1.00709E-0006
 2.450E-0001,-1.12001E-0006
 2.460E-0001,-1.22072E-0006
 2.470E-0001,-1.33363E-0006
 2.480E-0001,-1.44350E-0006
 2.490E-0001,-1.55947E-0006
 2.500E-0001,-1.66933E-0006
 2.510E-0001,-1.77615E-0006
 2.520E-0001,-1.88906E-0006
 2.530E-0001,-2.00808E-0006
 2.540E-0001,-2.12100E-0006
 2.550E-0001,-2.23086E-0006
 2.560E-0001,-2.34683E-0006
 2.570E-0001,-2.45975E-0006
 2.580E-0001,-2.57877E-0006
 2.590E-0001,-2.68558E-0006
 2.600E-0001,-2.79850E-0006
 2.610E-0001,-2.91447E-0006
 2.620E-0001,-3.02433E-0006
 2.630E-0001,-3.14030E-0006
 2.640E-0001,-3.25322E-0006
 2.650E-0001,-3.36919E-0006
 2.660E-0001,-3.47905E-0006
 2.670E-0001,-3.59197E-0006
 2.680E-0001,-3.70183E-0006
 2.690E-0001,-3.80865E-0006
 2.700E-0001,-3.92462E-0006
 2.710E-0001,-4.03143E-0006
 2.720E-0001,-4.13824E-0006
 2.730E-0001,-4.23895E-0006
 2.740E-0001,-4.35187E-0006
 2.750E-0001,-4.45868E-0006
 2.760E-0001,-4.56549E-0006
 2.770E-0001,-4.66620E-0006
 2.780E-0001,-4.76386E-0006
 2.790E-0001,-4.85847E-0006
 2.800E-0001,-4.96223E-0006
 2.810E-0001,-5.05989E-0006
 2.820E-0001,-5.15754E-0006
 2.830E-0001,-5.24605E-0006
 2.840E-0001,-5.34065E-0006
 2.850E-0001,-5.43221E-0006
 2.860E-0001,-5.52071E-0006
 2.870E-0001,-5.60616E-0006
 2.880E-0001,-5.70077E-0006
 2.890E-0001,-5.78316E-0006
 2.900E-0001,-5.85946E-0006
 2.910E-0001,-5.94796E-0006
 2.920E-0001,-6.03036E-0006
 2.930E-0001,-6.10666E-0006
 2.940E-0001,-6.17990E-0006
 2.950E-0001,-6.25619E-0006
 2.960E-0001,-6.32944E-0006
 2.970E-0001,-6.40573E-0006
 2.980E-0001,-6.46982E-0006
 2.990E-0001,-6.53696E-0006
 3.000E-0001,-6.60105E-0006
 3.010E-0001,-6.65903E-0006
 3.020E-0001,-6.72922E-0006
 3.030E-0001,-6.79331E-0006
 3.040E-0001,-6.84824E-0006
 3.050E-0001,-6.90623E-0006
 3.060E-0001,-6.95506E-0006
 3.070E-0001,-7.00999E-0006
 3.080E-0001,-7.05882E-0006
 3.090E-0001,-7.10460E-0006
 3.100E-0001,-7.15342E-0006
 3.110E-0001,-7.19920E-0006
 3.120E-0001,-7.23887E-0006
 3.130E-0001,-7.28465E-0006
 3.140E-0001,-7.32127E-0006
 3.150E-0001,-7.35790E-0006
 3.160E-0001,-7.39147E-0006
 3.170E-0001,-7.42198E-0006
 3.180E-0001,-7.46471E-0006
 3.190E-0001,-7.48912E-0006
 3.200E-0001,-7.52574E-0006
 3.210E-0001,-7.54406E-0006
 3.220E-0001,-7.56847E-0006
 3.230E-0001,-7.60204E-0006
 3.240E-0001,-7.61730E-0006
 3.250E-0001,-7.63561E-0006
 3.260E-0001,-7.66002E-0006
 3.270E-0001,-7.68139E-0006
 3.280E-0001,-7.69359E-0006
 3.290E-0001,-7.70275E-0006
 3.300E-0001,-7.72106E-0006
 3.310E-0001,-7.73632E-0006
 3.320E-0001,-7.74242E-0006
 3.330E-0001,-7.75158E-0006
 3.340E-0001,-7.76684E-0006
 3.350E-0001,-7.77294E-0006
 3.360E-0001,-7.78210E-0006
 3.370E-0001,-7.78210E-0006
 3.380E-0001,-7.79125E-0006
 3.390E-0001,-7.79430E-0006
 3.400E-0001,-7.79430E-0006
 3.410E-0001,-7.79125E-0006
 3.420E-0001,-7.79430E-0006
 3.430E-0001,-7.79430E-0006
 3.440E-0001,-7.79430E-0006
 3.450E-0001,-7.78820E-0006
 3.460E-0001,-7.78210E-0006
 3.470E-0001,-7.76989E-0006
 3.480E-0001,-7.77294E-0006
 3.490E-0001,-7.77294E-0006
 3.500E-0001,-7.75158E-0006
 3.510E-0001,-7.75158E-0006
 3.520E-0001,-7.73937E-0006
 3.530E-0001,-7.72716E-0006
 3.540E-0001,-7.71190E-0006
 3.550E-0001,-7.70580E-0006
 3.560E-0001,-7.69665E-0006
 3.570E-0001,-7.67833E-0006
 3.580E-0001,-7.66918E-0006
 3.590E-0001,-7.65697E-0006
 3.600E-0001,-7.63866E-0006
 3.610E-0001,-7.62340E-0006
 3.620E-0001,-7.60814E-0006
 3.630E-0001,-7.59594E-0006
 3.640E-0001,-7.57763E-0006
 3.650E-0001,-7.56237E-0006
 3.660E-0001,-7.54100E-0006
 3.670E-0001,-7.52574E-0006
 3.680E-0001,-7.50438E-0006
 3.690E-0001,-7.48607E-0006
 3.700E-0001,-7.46776E-0006
 3.710E-0001,-7.44640E-0006
 3.720E-0001,-7.42809E-0006
 3.730E-0001,-7.40672E-0006
 3.740E-0001,-7.39147E-0006
 3.750E-0001,-7.36705E-0006
 3.760E-0001,-7.34874E-0006
 3.770E-0001,-7.32433E-0006
 3.780E-0001,-7.30296E-0006
 3.790E-0001,-7.28465E-0006
 3.800E-0001,-7.26024E-0006
 3.810E-0001,-7.23887E-0006
 3.820E-0001,-7.21751E-0006
 3.830E-0001,-7.19615E-0006
 3.840E-0001,-7.17174E-0006
 3.850E-0001,-7.14732E-0006
 3.860E-0001,-7.12291E-0006
 3.870E-0001,-7.10154E-0006
 3.880E-0001,-7.07408E-0006
 3.890E-0001,-7.05577E-0006
 3.900E-0001,-7.03135E-0006
 3.910E-0001,-7.00083E-0006
 3.920E-0001,-6.97947E-0006
 3.930E-0001,-6.95506E-0006
 3.940E-0001,-6.93064E-0006
 3.950E-0001,-6.89707E-0006
 3.960E-0001,-6.88181E-0006
 3.970E-0001,-6.85435E-0006
 3.980E-0001,-6.83299E-0006
 3.990E-0001,-6.80857E-0006
 4.000E-0001,-6.78721E-0006
 4.010E-0001,-6.76585E-0006
 4.020E-0001,-6.73838E-0006
 4.030E-0001,-6.70176E-0006
 4.040E-0001,-6.68650E-0006
 4.050E-0001,-6.65903E-0006
 4.060E-0001,-6.63157E-0006
 4.070E-0001,-6.61020E-0006
 4.080E-0001,-6.58274E-0006
 4.090E-0001,-6.55527E-0006
 4.100E-0001,-6.53696E-0006
 4.110E-0001,-6.50949E-0006
 4.120E-0001,-6.48508E-0006
 4.130E-0001,-6.45761E-0006
 4.140E-0001,-6.43625E-0006
 4.150E-0001,-6.40878E-0006
 4.160E-0001,-6.38437E-0006
 4.170E-0001,-6.36301E-0006
 4.180E-0001,-6.33859E-0006
 4.190E-0001,-6.31723E-0006
 4.200E-0001,-6.28976E-0006
 4.210E-0001,-6.26535E-0006
 4.220E-0001,-6.24093E-0006
 4.230E-0001,-6.21347E-0006
 4.240E-0001,-6.19516E-0006
 4.250E-0001,-6.17074E-0006
 4.260E-0001,-6.14328E-0006
 4.270E-0001,-6.11886E-0006
 4.280E-0001,-6.09750E-0006
 4.290E-0001,-6.07309E-0006
 4.300E-0001,-6.04867E-0006
 4.310E-0001,-6.02731E-0006
 4.320E-0001,-6.00289E-0006
 4.330E-0001,-5.97848E-0006
 4.340E-0001,-5.96017E-0006
 4.350E-0001,-5.93575E-0006
 4.360E-0001,-5.91134E-0006
 4.370E-0001,-5.88998E-0006
 4.380E-0001,-5.86861E-0006
 4.390E-0001,-5.84420E-0006
 4.400E-0001,-5.81673E-0006
 4.410E-0001,-5.79537E-0006
 4.420E-0001,-5.77401E-0006
 4.430E-0001,-5.74654E-0006
 4.440E-0001,-5.73434E-0006
 4.450E-0001,-5.70382E-0006
 4.460E-0001,-5.68245E-0006
 4.470E-0001,-5.65804E-0006
 4.480E-0001,-5.64583E-0006
 4.490E-0001,-5.60921E-0006
 4.500E-0001,-5.59395E-0006
 4.510E-0001,-5.57259E-0006
 4.520E-0001,-5.55428E-0006
 4.530E-0001,-5.53292E-0006
 4.540E-0001,-5.50545E-0006
 4.550E-0001,-5.49324E-0006
 4.560E-0001,-5.46272E-0006
 4.570E-0001,-5.44136E-0006
 4.580E-0001,-5.42000E-0006
 4.590E-0001,-5.40474E-0006
 4.600E-0001,-5.38338E-0006
 4.610E-0001,-5.36202E-0006
 4.620E-0001,-5.34065E-0006
 4.630E-0001,-5.32234E-0006
 4.640E-0001,-5.29488E-0006
 4.650E-0001,-5.27046E-0006
 4.660E-0001,-5.25215E-0006
 4.670E-0001,-5.22774E-0006
 4.680E-0001,-5.21248E-0006
 4.690E-0001,-5.19111E-0006
 4.700E-0001,-5.17280E-0006
 4.710E-0001,-5.15449E-0006
 4.720E-0001,-5.13313E-0006
 4.730E-0001,-5.11787E-0006
 4.740E-0001,-5.08735E-0006
 4.750E-0001,-5.08125E-0006
 4.760E-0001,-5.05073E-0006
 4.770E-0001,-5.03852E-0006
 4.780E-0001,-5.01106E-0006
 4.790E-0001,-4.99580E-0006
 4.800E-0001,-4.96833E-0006
 4.810E-0001,-4.95002E-0006
 4.820E-0001,-4.92866E-0006
 4.830E-0001,-4.91340E-0006
 4.840E-0001,-4.89509E-0006
 4.850E-0001,-4.87678E-0006
 4.860E-0001,-4.85542E-0006
 4.870E-0001,-4.84321E-0006
 4.880E-0001,-4.81879E-0006
 4.890E-0001,-4.80354E-0006
 4.900E-0001,-4.78217E-0006
 4.910E-0001,-4.76691E-0006
 4.920E-0001,-4.75471E-0006
 4.930E-0001,-4.73029E-0006
 4.940E-0001,-4.70588E-0006
 4.950E-0001,-4.68757E-0006
 4.960E-0001,-4.67231E-0006
 4.970E-0001,-4.65400E-0006
 4.980E-0001,-4.64179E-0006
 4.990E-0001,-4.62043E-0006
 5.000E-0001,-4.59601E-0006
 5.010E-0001,-4.58075E-0006
 5.020E-0001,-4.55939E-0006
 5.030E-0001,-4.54108E-0006
 5.040E-0001,-4.52582E-0006
 5.050E-0001,-4.51056E-0006
 5.060E-0001,-4.48920E-0006
 5.070E-0001,-4.47089E-0006
 5.080E-0001,-4.45258E-0006
 5.090E-0001,-4.44037E-0006
 5.100E-0001,-4.41596E-0006
 5.110E-0001,-4.40375E-0006
 5.120E-0001,-4.38239E-0006
 5.130E-0001,-4.37018E-0006
 5.140E-0001,-4.34576E-0006
 5.150E-0001,-4.33356E-0006
 5.160E-0001,-4.31830E-0006
 5.170E-0001,-4.29694E-0006
 5.180E-0001,-4.28168E-0006
 5.190E-0001,-4.26947E-0006
 5.200E-0001,-4.24200E-0006
 5.210E-0001,-4.23590E-0006
 5.220E-0001,-4.21759E-0006
 5.230E-0001,-4.20233E-0006
 5.240E-0001,-4.19317E-0006
 5.250E-0001,-4.16571E-0006
 5.260E-0001,-4.15655E-0006
 5.270E-0001,-4.13824E-0006
 5.280E-0001,-4.11688E-0006
 5.290E-0001,-4.10162E-0006
 5.300E-0001,-4.08941E-0006
 5.310E-0001,-4.08026E-0006
 5.320E-0001,-4.05889E-0006
 5.330E-0001,-4.04669E-0006
 5.340E-0001,-4.02838E-0006
 5.350E-0001,-4.01312E-0006
 5.360E-0001,-3.99786E-0006
 5.370E-0001,-3.98565E-0006
 5.380E-0001,-3.96734E-0006
 5.390E-0001,-3.95208E-0006
 5.400E-0001,-3.93377E-0006
 5.410E-0001,-3.92156E-0006
 5.420E-0001,-3.90630E-0006
 5.430E-0001,-3.89715E-0006
 5.440E-0001,-3.87579E-0006
 5.450E-0001,-3.86358E-0006
 5.460E-0001,-3.85137E-0006
 5.470E-0001,-3.83611E-0006
 5.480E-0001,-3.81780E-0006
 5.490E-0001,-3.79644E-0006
 5.500E-0001,-3.79644E-0006
 5.510E-0001,-3.77813E-0006
 5.520E-0001,-3.76287E-0006
 5.530E-0001,-3.75066E-0006
 5.540E-0001,-3.73235E-0006
 5.550E-0001,-3.72014E-0006
 5.560E-0001,-3.71099E-0006
 5.570E-0001,-3.69878E-0006
 5.580E-0001,-3.68352E-0006
 5.590E-0001,-3.66826E-0006
 5.600E-0001,-3.65606E-0006
 5.610E-0001,-3.64385E-0006
 5.620E-0001,-3.63469E-0006
 5.630E-0001,-3.61638E-0006
 5.640E-0001,-3.60112E-0006
 5.650E-0001,-3.59502E-0006
 5.660E-0001,-3.57976E-0006
 5.670E-0001,-3.55840E-0006
 5.680E-0001,-3.54924E-0006
 5.690E-0001,-3.54009E-0006
 5.700E-0001,-3.52788E-0006
 5.710E-0001,-3.51262E-0006
 5.720E-0001,-3.49736E-0006
 5.730E-0001,-3.49126E-0006
 5.740E-0001,-3.48210E-0006
 5.750E-0001,-3.46684E-0006
 5.760E-0001,-3.45464E-0006
 5.770E-0001,-3.44243E-0006
 5.780E-0001,-3.43327E-0006
 5.790E-0001,-3.41802E-0006
 5.800E-0001,-3.40886E-0006
 5.810E-0001,-3.39055E-0006
 5.820E-0001,-3.38750E-0006
 5.830E-0001,-3.37529E-0006
 5.840E-0001,-3.36003E-0006
 5.850E-0001,-3.35088E-0006
 5.860E-0001,-3.34477E-0006
 5.870E-0001,-3.32951E-0006
 5.880E-0001,-3.31425E-0006
 5.890E-0001,-3.30510E-0006
 5.900E-0001,-3.29900E-0006
 5.910E-0001,-3.28068E-0006
 5.920E-0001,-3.27458E-0006
 5.930E-0001,-3.26543E-0006
 5.940E-0001,-3.25627E-0006
 5.950E-0001,-3.24406E-0006
 5.960E-0001,-3.23186E-0006
 5.970E-0001,-3.21660E-0006
 5.980E-0001,-3.21355E-0006
 5.990E-0001,-3.19523E-0006
 6.000E-0001,-3.18913E-0006
 6.010E-0001,-3.17387E-0006
 6.020E-0001,-3.17692E-0006
 6.030E-0001,-3.15251E-0006
 6.040E-0001,-3.14335E-0006
 6.050E-0001,-3.14335E-0006
 6.060E-0001,-3.13115E-0006
 6.070E-0001,-3.11284E-0006
 6.080E-0001,-3.11284E-0006
 6.090E-0001,-3.10673E-0006
 6.100E-0001,-3.08842E-0006
 6.110E-0001,-3.08842E-0006
 6.120E-0001,-3.08537E-0006
 6.130E-0001,-3.07621E-0006
 6.140E-0001,-3.06401E-0006
 6.150E-0001,-3.04570E-0006
 6.160E-0001,-3.03959E-0006
 6.170E-0001,-3.03044E-0006
 6.180E-0001,-3.01518E-0006
 6.190E-0001,-3.01518E-0006
 6.200E-0001,-3.00602E-0006
 6.210E-0001,-2.99992E-0006
 6.220E-0001,-2.99076E-0006
 6.230E-0001,-2.97856E-0006
 6.240E-0001,-2.97245E-0006
 6.250E-0001,-2.96025E-0006
 6.260E-0001,-2.95719E-0006
 6.270E-0001,-2.94193E-0006
 6.280E-0001,-2.93583E-0006
 6.290E-0001,-2.92362E-0006
 6.300E-0001,-2.92057E-0006
 6.310E-0001,-2.91447E-0006
 6.320E-0001,-2.90531E-0006
 6.330E-0001,-2.89311E-0006
 6.340E-0001,-2.88700E-0006
 6.350E-0001,-2.87785E-0006
 6.360E-0001,-2.87479E-0006
 6.370E-0001,-2.86564E-0006
 6.380E-0001,-2.86259E-0006
 6.390E-0001,-2.85648E-0006
 6.400E-0001,-2.84122E-0006
 6.410E-0001,-2.83207E-0006
 6.420E-0001,-2.82902E-0006
 6.430E-0001,-2.81986E-0006
 6.440E-0001,-2.81986E-0006
 6.450E-0001,-2.81376E-0006
 6.460E-0001,-2.79850E-0006
 6.470E-0001,-2.79240E-0006
 6.480E-0001,-2.78934E-0006
 6.490E-0001,-2.78629E-0006
 6.500E-0001,-2.77103E-0006
 6.510E-0001,-2.76798E-0006
 6.520E-0001,-2.75883E-0006
 6.530E-0001,-2.75272E-0006
 6.540E-0001,-2.74662E-0006
 6.550E-0001,-2.74052E-0006
 6.560E-0001,-2.73136E-0006
 6.570E-0001,-2.72526E-0006
 6.580E-0001,-2.71915E-0006
 6.590E-0001,-2.71000E-0006
 6.600E-0001,-2.70695E-0006
 6.610E-0001,-2.70084E-0006
 6.620E-0001,-2.69779E-0006
 6.630E-0001,-2.68558E-0006
 6.640E-0001,-2.67948E-0006
 6.650E-0001,-2.67643E-0006
 6.660E-0001,-2.66422E-0006
 6.670E-0001,-2.66117E-0006
 6.680E-0001,-2.65506E-0006
 6.690E-0001,-2.65201E-0006
 6.700E-0001,-2.64286E-0006
 6.710E-0001,-2.63675E-0006
 6.720E-0001,-2.63675E-0006
 6.730E-0001,-2.62760E-0006
 6.740E-0001,-2.62149E-0006
 6.750E-0001,-2.61844E-0006
 6.760E-0001,-2.61844E-0006
 6.770E-0001,-2.60929E-0006
 6.780E-0001,-2.60318E-0006
 6.790E-0001,-2.59708E-0006
 6.800E-0001,-2.58793E-0006
 6.810E-0001,-2.58487E-0006
 6.820E-0001,-2.58182E-0006
 6.830E-0001,-2.58182E-0006
 6.840E-0001,-2.57877E-0006
 6.850E-0001,-2.56656E-0006
 6.860E-0001,-2.56351E-0006
 6.870E-0001,-2.55741E-0006
 6.880E-0001,-2.55436E-0006
 6.890E-0001,-2.54825E-0006
 6.900E-0001,-2.54520E-0006
 6.910E-0001,-2.53910E-0006
 6.920E-0001,-2.52689E-0006
 6.930E-0001,-2.53604E-0006
 6.940E-0001,-2.52079E-0006
 6.950E-0001,-2.52384E-0006
 6.960E-0001,-2.51773E-0006
 6.970E-0001,-2.51163E-0006
 6.980E-0001,-2.50247E-0006
 6.990E-0001,-2.50247E-0006
 7.000E-0001,-2.49027E-0006
 7.010E-0001,-2.49942E-0006
 7.020E-0001,-2.48722E-0006
 7.030E-0001,-2.48722E-0006
 7.040E-0001,-2.47806E-0006
 7.050E-0001,-2.48111E-0006
 7.060E-0001,-2.47501E-0006
 7.070E-0001,-2.47196E-0006
 7.080E-0001,-2.46585E-0006
 7.090E-0001,-2.46280E-0006
 7.100E-0001,-2.45975E-0006
 7.110E-0001,-2.45365E-0006
 7.120E-0001,-2.45365E-0006
 7.130E-0001,-2.44754E-0006
 7.140E-0001,-2.44754E-0006
 7.150E-0001,-2.44754E-0006
 7.160E-0001,-2.43533E-0006
 7.170E-0001,-2.42923E-0006
 7.180E-0001,-2.42923E-0006
 7.190E-0001,-2.42923E-0006
 7.200E-0001,-2.42313E-0006
 7.210E-0001,-2.41702E-0006
 7.220E-0001,-2.41702E-0006
 7.230E-0001,-2.41397E-0006
 7.240E-0001,-2.41092E-0006
 7.250E-0001,-2.41397E-0006
 7.260E-0001,-2.40482E-0006
 7.270E-0001,-2.40482E-0006
 7.280E-0001,-2.40787E-0006
 7.290E-0001,-2.39261E-0006
 7.300E-0001,-2.39566E-0006
 7.310E-0001,-2.39566E-0006
 7.320E-0001,-2.38651E-0006
 7.330E-0001,-2.38345E-0006
 7.340E-0001,-2.38651E-0006
 7.350E-0001,-2.38651E-0006
 7.360E-0001,-2.37735E-0006
 7.370E-0001,-2.37430E-0006
 7.380E-0001,-2.37125E-0006
 7.390E-0001,-2.36820E-0006
 7.400E-0001,-2.36820E-0006
 7.410E-0001,-2.36514E-0006
 7.420E-0001,-2.36209E-0006
 7.430E-0001,-2.35599E-0006
 7.440E-0001,-2.35904E-0006
 7.450E-0001,-2.35599E-0006
 7.460E-0001,-2.35294E-0006
 7.470E-0001,-2.34683E-0006
 7.480E-0001,-2.34988E-0006
 7.490E-0001,-2.34378E-0006
 7.500E-0001,-2.34378E-0006
 7.510E-0001,-2.34378E-0006
 7.520E-0001,-2.34378E-0006
 7.530E-0001,-2.34073E-0006
 7.540E-0001,-2.33768E-0006
 7.550E-0001,-2.33463E-0006
 7.560E-0001,-2.33768E-0006
 7.570E-0001,-2.33768E-0006
 7.580E-0001,-2.33463E-0006
 7.590E-0001,-2.32242E-0006
 7.600E-0001,-2.31937E-0006
 7.610E-0001,-2.32242E-0006
 7.620E-0001,-2.32242E-0006
 7.630E-0001,-2.31937E-0006
 7.640E-0001,-2.31326E-0006
 7.650E-0001,-2.31631E-0006
 7.660E-0001,-2.31631E-0006
 7.670E-0001,-2.31326E-0006
 7.680E-0001,-2.31021E-0006
 7.690E-0001,-2.31021E-0006
 7.700E-0001,-2.30716E-0006
 7.710E-0001,-2.31326E-0006
 7.720E-0001,-2.30106E-0006
 7.730E-0001,-2.30716E-0006
 7.740E-0001,-2.30106E-0006
 7.750E-0001,-2.29800E-0006
 7.760E-0001,-2.29190E-0006
 7.770E-0001,-2.29190E-0006
 7.780E-0001,-2.29190E-0006
 7.790E-0001,-2.28580E-0006
 7.800E-0001,-2.28580E-0006
 7.810E-0001,-2.28580E-0006
 7.820E-0001,-2.29190E-0006
 7.830E-0001,-2.28885E-0006
 7.840E-0001,-2.28580E-0006
 7.850E-0001,-2.29190E-0006
 7.860E-0001,-2.28580E-0006
 7.870E-0001,-2.28274E-0006
 7.880E-0001,-2.28274E-0006
 7.890E-0001,-2.27664E-0006
 7.900E-0001,-2.27969E-0006
 7.910E-0001,-2.27359E-0006
 7.920E-0001,-2.27664E-0006
 7.930E-0001,-2.27664E-0006
 7.940E-0001,-2.27969E-0006
 7.950E-0001,-2.27359E-0006
 7.960E-0001,-2.27664E-0006
 7.970E-0001,-2.27054E-0006
 7.980E-0001,-2.27054E-0006
 7.990E-0001,-2.27664E-0006
 8.000E-0001,-2.27359E-0006
